1.117973E+02 6.317517E+01 4.538787E+01 3.639753E+01 3.109463E+01 2.765795E+01 2.528201E+01 2.356175E+01 2.227447E+01 2.128928E+01 1.318790E+01 1.051843E+01 9.319381E+00 4.789690E+00 4.037684E+00 3.635294E+00 3.315146E+00 3.129145E+00 3.031176E+00 2.809083E+00 2.408558E+00 1.913038E+00 1.560316E+00 1.327438E+00 1.153885E+00 1.012394E+00 8.995037E-01 8.264121E-01 4.331941E-01 
1.978964E+02 1.161900E+02 8.424335E+01 6.747270E+01 5.731235E+01 5.060553E+01 4.591365E+01 4.249089E+01 3.991610E+01 3.793398E+01 2.383828E+01 1.889935E+01 1.694277E+01 1.001455E+01 8.601218E+00 7.845307E+00 7.333945E+00 7.010067E+00 6.860061E+00 6.460415E+00 5.577375E+00 4.469994E+00 3.674540E+00 3.130444E+00 2.733317E+00 2.413441E+00 2.149237E+00 1.974461E+00 6.694514E-01 
1.172410E+02 6.650760E+01 4.782409E+01 3.834342E+01 3.273490E+01 2.909163E+01 2.656858E+01 2.473957E+01 2.336959E+01 2.232027E+01 1.390172E+01 1.110161E+01 9.847468E+00 5.215931E+00 4.431407E+00 4.005053E+00 3.702565E+00 3.518108E+00 3.418686E+00 3.196878E+00 2.754201E+00 2.193608E+00 1.795677E+00 1.531667E+00 1.333361E+00 1.171552E+00 1.042628E+00 9.589867E-01 4.735373E-01 
6.096482E+01 3.373347E+01 2.430001E+01 1.967668E+01 1.698852E+01 1.525103E+01 1.404728E+01 1.317432E+01 1.252187E+01 1.202423E+01 7.376507E+00 5.856068E+00 5.065993E+00 2.431169E+00 2.053982E+00 1.843116E+00 1.690414E+00 1.596495E+00 1.540807E+00 1.429145E+00 1.222135E+00 9.648797E-01 7.844019E-01 6.644473E-01 5.747362E-01 5.019967E-01 4.441043E-01 4.058153E-01 2.764531E-01 
1.865998E+02 1.089378E+02 7.881764E+01 6.307994E+01 5.357597E+01 4.731684E+01 4.294217E+01 3.975164E+01 3.734969E+01 3.549850E+01 2.207835E+01 1.733539E+01 1.550674E+01 8.766177E+00 7.402824E+00 6.711792E+00 6.119304E+00 5.784593E+00 5.638617E+00 5.247998E+00 4.531625E+00 3.644067E+00 3.000904E+00 2.570189E+00 2.249245E+00 1.985327E+00 1.773629E+00 1.638795E+00 6.474494E-01 
1.724907E+02 1.000519E+02 7.228447E+01 5.786485E+01 4.919923E+01 4.351492E+01 3.955804E+01 3.668125E+01 3.452113E+01 3.286274E+01 2.049265E+01 1.625525E+01 1.458756E+01 8.166839E+00 6.919416E+00 6.278226E+00 5.739687E+00 5.426266E+00 5.293418E+00 4.917731E+00 4.222245E+00 3.374996E+00 2.763439E+00 2.356024E+00 2.059240E+00 1.818485E+00 1.622821E+00 1.498958E+00 5.421944E-01 
9.972741E+01 5.613995E+01 4.034018E+01 3.239480E+01 2.771922E+01 2.468969E+01 2.259267E+01 2.107199E+01 1.993316E+01 1.906169E+01 1.184161E+01 9.457639E+00 8.344966E+00 4.294417E+00 3.638448E+00 3.279120E+00 3.018294E+00 2.856244E+00 2.769062E+00 2.576111E+00 2.204887E+00 1.752142E+00 1.429496E+00 1.210551E+00 1.050354E+00 9.203163E-01 8.143435E-01 7.448793E-01 4.030485E-01 
2.044093E+02 1.196433E+02 8.662722E+01 6.933214E+01 5.887354E+01 5.198541E+01 4.718042E+01 4.368544E+01 4.106417E+01 3.905304E+01 2.420954E+01 1.897760E+01 1.712192E+01 9.610766E+00 8.048235E+00 7.301430E+00 6.539621E+00 6.133766E+00 5.980890E+00 5.501970E+00 4.713288E+00 3.762568E+00 3.073969E+00 2.623572E+00 2.298907E+00 2.034970E+00 1.821828E+00 1.688677E+00 5.350554E-01 
1.270030E+02 7.244703E+01 5.211205E+01 4.171447E+01 3.552177E+01 3.147329E+01 2.865254E+01 2.659540E+01 2.504510E+01 2.384988E+01 1.483312E+01 1.173428E+01 1.034470E+01 5.617710E+00 4.775231E+00 4.306026E+00 4.001707E+00 3.806612E+00 3.692608E+00 3.467119E+00 2.993124E+00 2.396054E+00 1.969807E+00 1.677063E+00 1.454064E+00 1.272471E+00 1.125732E+00 1.026926E+00 6.066206E-01 
1.267906E+02 7.219577E+01 5.192252E+01 4.158393E+01 3.544503E+01 3.144562E+01 2.867016E+01 2.665428E+01 2.514112E+01 2.397941E+01 1.488605E+01 1.182047E+01 1.048213E+01 5.563971E+00 4.704274E+00 4.242887E+00 3.893200E+00 3.688608E+00 3.580817E+00 3.338012E+00 2.875795E+00 2.296610E+00 1.883196E+00 1.607699E+00 1.399219E+00 1.228618E+00 1.092859E+00 1.004654E+00 5.282370E-01 
1.221025E+02 6.951136E+01 4.999015E+01 4.003287E+01 3.411183E+01 3.024466E+01 2.755178E+01 2.558853E+01 2.410977E+01 2.297072E+01 1.427857E+01 1.129648E+01 9.958230E+00 5.353279E+00 4.542034E+00 4.096099E+00 3.788838E+00 3.596168E+00 3.489127E+00 3.266435E+00 2.817707E+00 2.258664E+00 1.857703E+00 1.583536E+00 1.374962E+00 1.204601E+00 1.067471E+00 9.773397E-01 5.863764E-01 
9.420917E+01 5.278610E+01 3.792486E+01 3.050809E+01 2.617765E+01 2.339324E+01 2.148058E+01 2.010388E+01 1.908006E+01 1.830169E+01 1.134545E+01 9.150110E+00 8.121434E+00 4.035741E+00 3.407056E+00 3.069293E+00 2.798469E+00 2.641472E+00 2.559057E+00 2.363233E+00 2.014701E+00 1.583282E+00 1.279894E+00 1.084257E+00 9.424511E-01 8.274124E-01 7.358513E-01 6.769610E-01 3.053469E-01 
2.083527E+02 1.229596E+02 8.927628E+01 7.151314E+01 6.071612E+01 5.356969E+01 4.856005E+01 4.489524E+01 4.212973E+01 3.999499E+01 2.508458E+01 1.975041E+01 1.767333E+01 1.049575E+01 8.984179E+00 8.189528E+00 7.619517E+00 7.272075E+00 7.116650E+00 6.697744E+00 5.807118E+00 4.677274E+00 3.861557E+00 3.311368E+00 2.901596E+00 2.565407E+00 2.294312E+00 2.121399E+00 7.304279E-01 
7.180102E+01 3.996537E+01 2.871964E+01 2.313074E+01 1.984574E+01 1.770482E+01 1.621166E+01 1.512219E+01 1.430300E+01 1.367474E+01 8.398955E+00 6.592999E+00 5.691664E+00 2.841834E+00 2.400700E+00 2.153869E+00 1.982842E+00 1.876439E+00 1.812349E+00 1.692908E+00 1.461470E+00 1.171607E+00 9.648393E-01 8.227806E-01 7.120046E-01 6.216198E-01 5.495247E-01 5.013748E-01 3.922110E-01 
1.070179E+02 6.061517E+01 4.358003E+01 3.493819E+01 2.980897E+01 2.645645E+01 2.411798E+01 2.241077E+01 2.112407E+01 2.013338E+01 1.250257E+01 9.859026E+00 8.648162E+00 4.593461E+00 3.903908E+00 3.523574E+00 3.273521E+00 3.120844E+00 3.034138E+00 2.859739E+00 2.488061E+00 2.007774E+00 1.663888E+00 1.428369E+00 1.243298E+00 1.091306E+00 9.702879E-01 8.906219E-01 5.416036E-01 
1.273204E+02 7.255506E+01 5.219223E+01 4.179984E+01 3.562593E+01 3.160291E+01 2.881020E+01 2.678143E+01 2.525796E+01 2.408781E+01 1.502277E+01 1.197560E+01 1.061813E+01 5.756307E+00 4.905115E+00 4.432732E+00 4.128934E+00 3.935286E+00 3.823816E+00 3.591897E+00 3.097865E+00 2.467333E+00 2.020859E+00 1.720779E+00 1.494878E+00 1.310973E+00 1.163339E+00 1.064756E+00 5.373731E-01 
1.403354E+02 8.043185E+01 5.795384E+01 4.642266E+01 3.955005E+01 3.506510E+01 3.195172E+01 2.969205E+01 2.799711E+01 2.669668E+01 1.670143E+01 1.335156E+01 1.191378E+01 6.583908E+00 5.630517E+00 5.109535E+00 4.762826E+00 4.544043E+00 4.432160E+00 4.163203E+00 3.581680E+00 2.856350E+00 2.338362E+00 1.983222E+00 1.725436E+00 1.517392E+00 1.344841E+00 1.227785E+00 5.164265E-01 
1.653542E+02 9.567219E+01 6.908777E+01 5.531654E+01 4.705711E+01 4.164816E+01 3.788792E+01 3.515772E+01 3.311188E+01 3.154342E+01 1.980056E+01 1.585408E+01 1.422549E+01 8.104396E+00 6.952364E+00 6.327364E+00 5.915345E+00 5.655592E+00 5.524046E+00 5.190172E+00 4.461951E+00 3.551520E+00 2.902277E+00 2.459752E+00 2.141468E+00 1.886658E+00 1.674158E+00 1.529507E+00 5.389013E-01 
1.038453E+02 5.860753E+01 4.211685E+01 3.379349E+01 2.887978E+01 2.568619E+01 2.346992E+01 2.185919E+01 2.064992E+01 1.972211E+01 1.224516E+01 9.733873E+00 8.573132E+00 4.472626E+00 3.794588E+00 3.421867E+00 3.162876E+00 3.003432E+00 2.914329E+00 2.727117E+00 2.352843E+00 1.879549E+00 1.542744E+00 1.316518E+00 1.144245E+00 1.003447E+00 8.912488E-01 8.177152E-01 4.728998E-01 
9.641832E+01 5.432134E+01 3.903210E+01 3.132306E+01 2.676440E+01 2.379053E+01 2.171771E+01 2.020521E+01 1.906615E+01 1.819027E+01 1.128071E+01 8.904623E+00 7.786873E+00 4.084347E+00 3.471734E+00 3.131560E+00 2.913732E+00 2.777492E+00 2.696452E+00 2.539201E+00 2.204297E+00 1.772240E+00 1.464628E+00 1.255020E+00 1.090339E+00 9.553709E-01 8.484131E-01 7.775999E-01 5.098502E-01 
2.433131E+02 1.442667E+02 1.049211E+02 8.407440E+01 7.136492E+01 6.294363E+01 5.704524E+01 5.274654E+01 4.952213E+01 4.704975E+01 2.941016E+01 2.310650E+01 2.096249E+01 1.241385E+01 1.049257E+01 9.585738E+00 8.695078E+00 8.190220E+00 8.016588E+00 7.403949E+00 6.336241E+00 5.036249E+00 4.101068E+00 3.496249E+00 3.072189E+00 2.727725E+00 2.450526E+00 2.278862E+00 4.854646E-01 
1.434632E+02 8.207989E+01 5.914433E+01 4.740514E+01 4.043438E+01 3.591056E+01 3.279209E+01 3.054815E+01 2.888112E+01 2.761444E+01 1.734054E+01 1.404991E+01 1.267623E+01 6.956608E+00 5.948752E+00 5.413982E+00 5.013987E+00 4.756092E+00 4.639283E+00 4.310221E+00 3.654365E+00 2.872353E+00 2.316565E+00 1.938735E+00 1.684135E+00 1.482947E+00 1.310714E+00 1.195921E+00 3.606202E-01 
1.275088E+02 7.267508E+01 5.228173E+01 4.187212E+01 3.568751E+01 3.165798E+01 2.886069E+01 2.682856E+01 2.530306E+01 2.413157E+01 1.505480E+01 1.199962E+01 1.063855E+01 5.769519E+00 4.917003E+00 4.444638E+00 4.140694E+00 3.946476E+00 3.833824E+00 3.600330E+00 3.105154E+00 2.473696E+00 2.026373E+00 1.725376E+00 1.498841E+00 1.314271E+00 1.166096E+00 1.067080E+00 5.373478E-01 
1.262696E+02 7.197601E+01 5.178313E+01 4.147463E+01 3.534670E+01 3.134976E+01 2.857195E+01 2.655167E+01 2.503346E+01 2.386715E+01 1.488202E+01 1.183964E+01 1.048260E+01 5.681517E+00 4.839164E+00 4.374217E+00 4.070533E+00 3.877002E+00 3.766572E+00 3.535905E+00 3.050070E+00 2.435671E+00 1.998462E+00 1.701647E+00 1.478171E+00 1.296279E+00 1.149535E+00 1.051752E+00 5.493635E-01 
1.102569E+02 6.241952E+01 4.486212E+01 3.596461E+01 3.069723E+01 2.726688E+01 2.488277E+01 2.314778E+01 2.184338E+01 2.084029E+01 1.295967E+01 1.028972E+01 9.059323E+00 4.809590E+00 4.089896E+00 3.689760E+00 3.431139E+00 3.265222E+00 3.167411E+00 2.974116E+00 2.567269E+00 2.050645E+00 1.683823E+00 1.434211E+00 1.244098E+00 1.089354E+00 9.649990E-01 8.816809E-01 5.153255E-01 
1.633552E+02 9.443830E+01 6.821419E+01 5.465222E+01 4.653376E+01 4.122745E+01 3.754724E+01 3.488301E+01 3.289261E+01 3.136981E+01 1.970967E+01 1.582215E+01 1.426330E+01 8.086065E+00 6.938592E+00 6.332723E+00 5.898219E+00 5.638533E+00 5.527932E+00 5.193022E+00 4.478523E+00 3.571102E+00 2.923818E+00 2.498000E+00 2.190347E+00 1.939883E+00 1.737598E+00 1.608965E+00 4.669774E-01 
9.452349E+01 5.307795E+01 3.814624E+01 3.066954E+01 2.628577E+01 2.345311E+01 2.149741E+01 2.008282E+01 1.902557E+01 1.821855E+01 1.134387E+01 9.105088E+00 8.044222E+00 4.140200E+00 3.524692E+00 3.184744E+00 2.960284E+00 2.817712E+00 2.736155E+00 2.562177E+00 2.201857E+00 1.743242E+00 1.421103E+00 1.207317E+00 1.048571E+00 9.198110E-01 8.167066E-01 7.486307E-01 3.749193E-01 
1.263539E+02 7.167891E+01 5.154636E+01 4.133593E+01 3.531584E+01 3.142874E+01 2.875887E+01 2.684141E+01 2.541905E+01 2.433989E+01 1.513873E+01 1.222885E+01 1.100887E+01 5.703993E+00 4.819446E+00 4.360431E+00 3.963670E+00 3.745905E+00 3.645372E+00 3.366289E+00 2.873302E+00 2.258891E+00 1.825786E+00 1.551135E+00 1.354849E+00 1.195092E+00 1.068319E+00 9.880951E-01 3.098379E-01 
1.074798E+02 6.074657E+01 4.366681E+01 3.503673E+01 2.994178E+01 2.663275E+01 2.433909E+01 2.267436E+01 2.142573E+01 2.046851E+01 1.272677E+01 1.013839E+01 8.957099E+00 4.700530E+00 3.997142E+00 3.612249E+00 3.351082E+00 3.193792E+00 3.105050E+00 2.916486E+00 2.524697E+00 2.016372E+00 1.656757E+00 1.418316E+00 1.234951E+00 1.084941E+00 9.665822E-01 8.892049E-01 4.699700E-01 
1.234033E+02 7.022891E+01 5.050895E+01 4.045858E+01 3.449125E+01 3.060236E+01 2.790136E+01 2.593777E+01 2.446263E+01 2.332916E+01 1.454049E+01 1.157691E+01 1.024669E+01 5.530011E+00 4.709234E+00 4.254135E+00 3.961630E+00 3.775395E+00 3.667276E+00 3.444235E+00 2.970747E+00 2.368646E+00 1.942024E+00 1.653732E+00 1.435963E+00 1.258715E+00 1.116288E+00 1.020884E+00 5.370950E-01 
1.073380E+02 6.066525E+01 4.359233E+01 3.495797E+01 2.985435E+01 2.653464E+01 2.422956E+01 2.255317E+01 2.129370E+01 2.032650E+01 1.263005E+01 1.004055E+01 8.844053E+00 4.649182E+00 3.945259E+00 3.556532E+00 3.291964E+00 3.123802E+00 3.028755E+00 2.831700E+00 2.434460E+00 1.941566E+00 1.590262E+00 1.350508E+00 1.170979E+00 1.025048E+00 9.069112E-01 8.286292E-01 4.874719E-01 
1.219133E+02 6.938592E+01 4.990805E+01 3.997902E+01 3.407923E+01 3.022958E+01 2.755179E+01 2.560217E+01 2.413521E+01 2.300658E+01 1.432771E+01 1.138210E+01 1.005977E+01 5.424331E+00 4.616725E+00 4.170456E+00 3.881625E+00 3.697047E+00 3.590241E+00 3.372495E+00 2.911885E+00 2.329123E+00 1.914015E+00 1.629804E+00 1.415220E+00 1.240640E+00 1.099017E+00 1.003748E+00 5.368122E-01 
1.179616E+02 6.698121E+01 4.819904E+01 3.866645E+01 3.302799E+01 2.936704E+01 2.683388E+01 2.499883E+01 2.362589E+01 2.257535E+01 1.410911E+01 1.131584E+01 1.007720E+01 5.392433E+00 4.604863E+00 4.177941E+00 3.893526E+00 3.719438E+00 3.626757E+00 3.408304E+00 2.945941E+00 2.349315E+00 1.927084E+00 1.648033E+00 1.439188E+00 1.268061E+00 1.131854E+00 1.043819E+00 4.298173E-01 
1.442363E+02 8.296142E+01 5.977613E+01 4.781806E+01 4.064875E+01 3.593831E+01 3.264289E+01 3.023137E+01 2.840771E+01 2.699694E+01 1.670577E+01 1.306243E+01 1.150905E+01 6.246526E+00 5.246772E+00 4.718489E+00 4.278040E+00 4.010970E+00 3.880917E+00 3.588937E+00 3.078813E+00 2.488138E+00 2.051919E+00 1.743003E+00 1.511582E+00 1.323625E+00 1.168135E+00 1.066801E+00 6.849767E-01 
7.426830E+01 4.137505E+01 2.973288E+01 2.394595E+01 2.054884E+01 1.833903E+01 1.680099E+01 1.568048E+01 1.483892E+01 1.419403E+01 8.739752E+00 6.888922E+00 5.967942E+00 2.982706E+00 2.521461E+00 2.264171E+00 2.084672E+00 1.971992E+00 1.904616E+00 1.776049E+00 1.529006E+00 1.222221E+00 1.003652E+00 8.539916E-01 7.390716E-01 6.453824E-01 5.703949E-01 5.205333E-01 3.856420E-01 
1.097587E+02 6.205935E+01 4.460998E+01 3.578987E+01 3.058389E+01 2.720582E+01 2.486716E+01 2.317179E+01 2.190201E+01 2.092985E+01 1.301591E+01 1.039164E+01 9.203751E+00 4.819224E+00 4.094100E+00 3.699680E+00 3.425104E+00 3.262452E+00 3.172515E+00 2.973584E+00 2.569406E+00 2.048052E+00 1.679653E+00 1.436764E+00 1.251504E+00 1.099895E+00 9.802941E-01 9.022570E-01 4.540724E-01 
1.701734E+02 9.880904E+01 7.138768E+01 5.713331E+01 4.855328E+01 4.291161E+01 3.897363E+01 3.610159E+01 3.393845E+01 3.227178E+01 2.008509E+01 1.579989E+01 1.408753E+01 7.877767E+00 6.665022E+00 6.039551E+00 5.531783E+00 5.246003E+00 5.112688E+00 4.773884E+00 4.133282E+00 3.332820E+00 2.751612E+00 2.360243E+00 2.064782E+00 1.822131E+00 1.627261E+00 1.502448E+00 6.481616E-01 
1.005174E+02 5.666037E+01 4.068110E+01 3.260717E+01 2.782613E+01 2.470439E+01 2.252659E+01 2.093554E+01 1.973496E+01 1.880918E+01 1.162540E+01 9.152669E+00 7.981869E+00 4.159083E+00 3.512722E+00 3.150936E+00 2.905955E+00 2.744672E+00 2.647193E+00 2.468311E+00 2.117003E+00 1.694130E+00 1.390105E+00 1.173408E+00 1.011209E+00 8.800298E-01 7.712863E-01 6.959841E-01 5.110066E-01 
8.919945E+01 5.005469E+01 3.592223E+01 2.880936E+01 2.459798E+01 2.184176E+01 1.991337E+01 1.850114E+01 1.743405E+01 1.661092E+01 1.022939E+01 7.995222E+00 6.912148E+00 3.569878E+00 3.011334E+00 2.696261E+00 2.485726E+00 2.347140E+00 2.260933E+00 2.110766E+00 1.815923E+00 1.459321E+00 1.202369E+00 1.018147E+00 8.767491E-01 7.619370E-01 6.678179E-01 6.027899E-01 5.104297E-01 
2.051292E+02 1.209088E+02 8.776551E+01 7.030672E+01 5.970349E+01 5.268860E+01 4.777081E+01 4.417711E+01 4.146795E+01 3.937825E+01 2.470580E+01 1.946158E+01 1.741589E+01 1.030771E+01 8.818822E+00 8.041111E+00 7.468679E+00 7.121196E+00 6.972211E+00 6.555969E+00 5.677673E+00 4.575149E+00 3.777073E+00 3.236696E+00 2.835376E+00 2.509145E+00 2.243580E+00 2.074593E+00 7.302345E-01 
9.507023E+01 5.339712E+01 3.835978E+01 3.081578E+01 2.638030E+01 2.350459E+01 2.151190E+01 2.006580E+01 1.898197E+01 1.815251E+01 1.122776E+01 8.935674E+00 7.861418E+00 3.971629E+00 3.350340E+00 3.013326E+00 2.750872E+00 2.594961E+00 2.511298E+00 2.328996E+00 1.998121E+00 1.592762E+00 1.302607E+00 1.107640E+00 9.617861E-01 8.428402E-01 7.473163E-01 6.850653E-01 3.984103E-01 
2.232923E+02 1.323394E+02 9.623699E+01 7.712977E+01 6.549203E+01 5.777922E+01 5.236948E+01 4.841616E+01 4.543629E+01 4.313806E+01 2.709874E+01 2.137538E+01 1.922140E+01 1.156282E+01 9.919370E+00 9.065433E+00 8.433395E+00 8.062775E+00 7.914839E+00 7.452080E+00 6.460440E+00 5.196534E+00 4.284575E+00 3.678682E+00 3.232611E+00 2.866559E+00 2.572184E+00 2.386186E+00 6.815274E-01 
1.111411E+02 6.288811E+01 4.519029E+01 3.622457E+01 3.091821E+01 2.746412E+01 2.506511E+01 2.332009E+01 2.200866E+01 2.100108E+01 1.298077E+01 1.026673E+01 9.046164E+00 4.672471E+00 3.935200E+00 3.538796E+00 3.226466E+00 3.047146E+00 2.952597E+00 2.746033E+00 2.367980E+00 1.898354E+00 1.560780E+00 1.332757E+00 1.158656E+00 1.016162E+00 9.022103E-01 8.277610E-01 4.892088E-01 
1.002164E+02 5.635590E+01 4.046536E+01 3.247765E+01 2.778018E+01 2.473765E+01 2.263244E+01 2.110621E+01 1.996240E+01 1.908596E+01 1.184736E+01 9.468820E+00 8.337480E+00 4.308723E+00 3.654064E+00 3.286525E+00 3.049289E+00 2.894271E+00 2.798835E+00 2.616160E+00 2.244515E+00 1.772875E+00 1.442465E+00 1.221979E+00 1.056545E+00 9.224351E-01 8.150777E-01 7.420460E-01 4.116777E-01 
6.796918E+01 3.774766E+01 2.717008E+01 2.195715E+01 1.892024E+01 1.695738E+01 1.559846E+01 1.461362E+01 1.387780E+01 1.331701E+01 8.228945E+00 6.557984E+00 5.711885E+00 2.827069E+00 2.404396E+00 2.169427E+00 2.017974E+00 1.922398E+00 1.864729E+00 1.748562E+00 1.508359E+00 1.195915E+00 9.779584E-01 8.346049E-01 7.245172E-01 6.350224E-01 5.646971E-01 5.181813E-01 3.103234E-01 
1.554380E+02 8.932653E+01 6.442568E+01 5.161771E+01 4.398268E+01 3.901612E+01 3.558811E+01 3.311834E+01 3.128148E+01 2.988455E+01 1.878028E+01 1.522038E+01 1.376994E+01 7.671513E+00 6.567165E+00 5.979992E+00 5.542396E+00 5.263629E+00 5.139426E+00 4.773567E+00 4.044329E+00 3.176972E+00 2.560326E+00 2.141893E+00 1.861026E+00 1.639776E+00 1.449873E+00 1.323522E+00 3.610665E-01 
9.118643E+01 5.114998E+01 3.674942E+01 2.953910E+01 2.530407E+01 2.255906E+01 2.065686E+01 1.927564E+01 1.824036E+01 1.744767E+01 1.080863E+01 8.603168E+00 7.552843E+00 3.844983E+00 3.256540E+00 2.932880E+00 2.702393E+00 2.560705E+00 2.480742E+00 2.314146E+00 1.990569E+00 1.584894E+00 1.297079E+00 1.104171E+00 9.583833E-01 8.396572E-01 7.448776E-01 6.827396E-01 4.078948E-01 
1.199891E+02 6.841352E+01 4.922582E+01 3.941868E+01 3.356874E+01 2.973273E+01 2.705016E+01 2.508718E+01 2.360429E+01 2.245939E+01 1.396900E+01 1.098631E+01 9.642985E+00 5.246817E+00 4.465839E+00 4.032903E+00 3.757760E+00 3.584453E+00 3.484053E+00 3.289079E+00 2.862873E+00 2.315203E+00 1.921017E+00 1.647792E+00 1.433180E+00 1.256933E+00 1.115939E+00 1.022235E+00 6.321823E-01 
1.074680E+02 6.075866E+01 4.366159E+01 3.501169E+01 2.989682E+01 2.656789E+01 2.425517E+01 2.257264E+01 2.130819E+01 2.033688E+01 1.264229E+01 1.004159E+01 8.838483E+00 4.663077E+00 3.961423E+00 3.572703E+00 3.314909E+00 3.149637E+00 3.053881E+00 2.860855E+00 2.464523E+00 1.967855E+00 1.614225E+00 1.372792E+00 1.190631E+00 1.042267E+00 9.226211E-01 8.428642E-01 4.995878E-01 
1.212861E+02 6.897085E+01 4.961569E+01 3.976537E+01 3.392222E+01 3.011685E+01 2.747543E+01 2.555657E+01 2.411648E+01 2.301075E+01 1.430849E+01 1.137434E+01 1.008409E+01 5.357642E+00 4.544832E+00 4.107038E+00 3.790179E+00 3.605270E+00 3.507813E+00 3.285141E+00 2.841370E+00 2.276032E+00 1.872587E+00 1.603385E+00 1.398180E+00 1.229538E+00 1.095671E+00 1.008662E+00 4.980618E-01 
1.231345E+02 7.003167E+01 5.039034E+01 4.040025E+01 3.448534E+01 3.064435E+01 2.798752E+01 2.606455E+01 2.462657E+01 2.352695E+01 1.470623E+01 1.179343E+01 1.051154E+01 5.661023E+00 4.837808E+00 4.387339E+00 4.094179E+00 3.917463E+00 3.820521E+00 3.598666E+00 3.116678E+00 2.481407E+00 2.034253E+00 1.743057E+00 1.521971E+00 1.340589E+00 1.198083E+00 1.105789E+00 4.690926E-01 
8.802026E+01 4.932479E+01 3.543538E+01 2.848593E+01 2.440181E+01 2.175070E+01 1.991010E+01 1.857191E+01 1.756765E+01 1.679799E+01 1.040624E+01 8.266127E+00 7.235418E+00 3.696855E+00 3.134497E+00 2.822507E+00 2.611052E+00 2.477036E+00 2.399303E+00 2.242651E+00 1.929337E+00 1.537525E+00 1.259422E+00 1.070548E+00 9.278363E-01 8.116488E-01 7.183362E-01 6.565044E-01 4.160423E-01 
7.892104E+01 4.404674E+01 3.164839E+01 2.547470E+01 2.185162E+01 1.949809E+01 1.786202E+01 1.667127E+01 1.577709E+01 1.509182E+01 9.303184E+00 7.354785E+00 6.398942E+00 3.206000E+00 2.710515E+00 2.435625E+00 2.241926E+00 2.123310E+00 2.053976E+00 1.917293E+00 1.652962E+00 1.320489E+00 1.084193E+00 9.243444E-01 8.011934E-01 7.006567E-01 6.206518E-01 5.677073E-01 3.926773E-01 
1.549607E+02 8.961004E+01 6.468357E+01 5.177459E+01 4.401623E+01 3.891501E+01 3.534906E+01 3.274323E+01 3.077604E+01 2.925636E+01 1.826064E+01 1.441032E+01 1.277975E+01 7.195796E+00 6.131423E+00 5.553478E+00 5.154485E+00 4.906201E+00 4.780427E+00 4.486842E+00 3.875185E+00 3.123119E+00 2.577688E+00 2.196577E+00 1.911598E+00 1.680495E+00 1.489904E+00 1.364090E+00 6.799977E-01 
1.227638E+02 6.990402E+01 5.028037E+01 4.027111E+01 3.432106E+01 3.043695E+01 2.773385E+01 2.576514E+01 2.428347E+01 2.314304E+01 1.441385E+01 1.143664E+01 1.009777E+01 5.467426E+00 4.656500E+00 4.206082E+00 3.920079E+00 3.738894E+00 3.632758E+00 3.418832E+00 2.958165E+00 2.367178E+00 1.947483E+00 1.663128E+00 1.444973E+00 1.266748E+00 1.124345E+00 1.029357E+00 5.733781E-01 
1.300591E+02 7.420190E+01 5.344545E+01 4.285889E+01 3.657941E+01 3.249932E+01 2.967898E+01 2.763959E+01 2.611686E+01 2.495505E+01 1.564758E+01 1.258143E+01 1.126240E+01 6.126673E+00 5.242809E+00 4.771297E+00 4.442258E+00 4.243665E+00 4.147295E+00 3.893354E+00 3.360704E+00 2.679518E+00 2.194945E+00 1.875256E+00 1.641297E+00 1.450081E+00 1.296686E+00 1.198389E+00 4.302974E-01 
9.527547E+01 5.359626E+01 3.847432E+01 3.084770E+01 2.633248E+01 2.338167E+01 2.132053E+01 1.981315E+01 1.867500E+01 1.779691E+01 1.098231E+01 8.617027E+00 7.484666E+00 3.882488E+00 3.276966E+00 2.936228E+00 2.706840E+00 2.556260E+00 2.464581E+00 2.299793E+00 1.975260E+00 1.583653E+00 1.301935E+00 1.100532E+00 9.480542E-01 8.244962E-01 7.225876E-01 6.520885E-01 5.107942E-01 
9.469223E+01 5.318608E+01 3.821189E+01 3.070288E+01 2.629072E+01 2.343215E+01 2.145257E+01 2.001679E+01 1.894126E+01 1.811807E+01 1.123538E+01 8.960948E+00 7.887955E+00 4.030140E+00 3.413795E+00 3.076015E+00 2.834385E+00 2.686906E+00 2.604840E+00 2.429023E+00 2.087996E+00 1.660590E+00 1.357723E+00 1.155627E+00 1.003549E+00 8.796049E-01 7.807503E-01 7.161274E-01 4.080786E-01 
9.951321E+01 5.585674E+01 4.013667E+01 3.227084E+01 2.766792E+01 2.470542E+01 2.267003E+01 2.120505E+01 2.011523E+01 1.928599E+01 1.189547E+01 9.560180E+00 8.502383E+00 4.163661E+00 3.485943E+00 3.132849E+00 2.789497E+00 2.603511E+00 2.516726E+00 2.285363E+00 1.930423E+00 1.518858E+00 1.222978E+00 1.029255E+00 8.944309E-01 7.855535E-01 6.965520E-01 6.400966E-01 3.051100E-01 
1.629605E+02 9.432918E+01 6.809715E+01 5.449997E+01 4.633148E+01 4.096742E+01 3.722632E+01 3.449915E+01 3.244582E+01 3.086445E+01 1.919040E+01 1.510277E+01 1.345248E+01 7.443992E+00 6.287673E+00 5.691115E+00 5.196229E+00 4.916303E+00 4.786227E+00 4.458019E+00 3.853565E+00 3.105518E+00 2.561429E+00 2.194028E+00 1.917875E+00 1.690841E+00 1.508387E+00 1.391454E+00 6.314122E-01 
1.065661E+02 6.023153E+01 4.330241E+01 3.474966E+01 2.969981E+01 2.641948E+01 2.414531E+01 2.249435E+01 2.125639E+01 2.030779E+01 1.264751E+01 1.008751E+01 8.915809E+00 4.703220E+00 4.007900E+00 3.626264E+00 3.378533E+00 3.227803E+00 3.141625E+00 2.957015E+00 2.562594E+00 2.047787E+00 1.684118E+00 1.443049E+00 1.257337E+00 1.105218E+00 9.851862E-01 9.067735E-01 4.681155E-01 
1.555376E+02 8.964054E+01 6.463876E+01 5.173234E+01 4.400961E+01 3.895847E+01 3.544888E+01 3.290098E+01 3.099022E+01 2.952386E+01 1.849150E+01 1.477532E+01 1.320449E+01 7.428567E+00 6.359150E+00 5.769000E+00 5.396292E+00 5.163014E+00 5.032527E+00 4.739560E+00 4.093609E+00 3.256425E+00 2.665850E+00 2.275347E+00 1.982582E+00 1.743785E+00 1.553446E+00 1.427609E+00 5.751801E-01 
1.290924E+02 7.378366E+01 5.309168E+01 4.248708E+01 3.615637E+01 3.200745E+01 2.910951E+01 2.699106E+01 2.539092E+01 2.415478E+01 1.499095E+01 1.178183E+01 1.036022E+01 5.624524E+00 4.765806E+00 4.295053E+00 3.968007E+00 3.767790E+00 3.655455E+00 3.428446E+00 2.970880E+00 2.394798E+00 1.979537E+00 1.694373E+00 1.472356E+00 1.290067E+00 1.144495E+00 1.048736E+00 6.743926E-01 
1.020566E+02 5.743758E+01 4.124744E+01 3.310195E+01 2.830999E+01 2.520691E+01 2.306052E+01 2.150507E+01 2.034013E+01 1.944788E+01 1.208199E+01 9.663205E+00 8.518128E+00 4.415717E+00 3.747220E+00 3.372649E+00 3.130466E+00 2.972018E+00 2.874705E+00 2.687443E+00 2.305439E+00 1.820902E+00 1.481426E+00 1.254590E+00 1.084994E+00 9.476614E-01 8.374058E-01 7.622314E-01 4.116998E-01 
1.353015E+02 7.745463E+01 5.579159E+01 4.468771E+01 3.806880E+01 3.374458E+01 3.073665E+01 2.854870E+01 2.690571E+01 2.564348E+01 1.602579E+01 1.275897E+01 1.133411E+01 6.227708E+00 5.313541E+00 4.816695E+00 4.479002E+00 4.263820E+00 4.150790E+00 3.891469E+00 3.347207E+00 2.678279E+00 2.197068E+00 1.862272E+00 1.618423E+00 1.421389E+00 1.257556E+00 1.146846E+00 5.493298E-01 
1.819109E+02 1.063688E+02 7.701154E+01 6.165577E+01 5.237074E+01 4.624349E+01 4.195234E+01 3.881459E+01 3.644584E+01 3.461530E+01 2.164649E+01 1.703878E+01 1.517826E+01 8.786428E+00 7.501622E+00 6.817945E+00 6.334013E+00 6.039329E+00 5.899596E+00 5.553880E+00 4.820290E+00 3.891500E+00 3.219910E+00 2.762085E+00 2.415847E+00 2.131569E+00 1.902686E+00 1.755067E+00 7.286342E-01 
1.989239E+02 1.164736E+02 8.435336E+01 6.752907E+01 5.735355E+01 5.064769E+01 4.596529E+01 4.255536E+01 3.999201E+01 3.802004E+01 2.366512E+01 1.861850E+01 1.674873E+01 9.536299E+00 8.050138E+00 7.311935E+00 6.640391E+00 6.271759E+00 6.126262E+00 5.683303E+00 4.891246E+00 3.919705E+00 3.215388E+00 2.750192E+00 2.411156E+00 2.132797E+00 1.909000E+00 1.767860E+00 5.904631E-01 
1.839452E+02 1.071230E+02 7.746637E+01 6.200746E+01 5.269120E+01 4.656687E+01 4.229672E+01 3.919165E+01 3.686128E+01 3.507156E+01 2.181868E+01 1.718923E+01 1.543058E+01 8.647748E+00 7.295747E+00 6.621428E+00 6.015322E+00 5.681037E+00 5.541673E+00 5.144668E+00 4.434179E+00 3.554525E+00 2.918901E+00 2.498419E+00 2.188264E+00 1.934671E+00 1.731075E+00 1.602139E+00 5.784353E-01 
7.944568E+01 4.434786E+01 3.186500E+01 2.564807E+01 2.200021E+01 1.963129E+01 1.798502E+01 1.678710E+01 1.588781E+01 1.519875E+01 9.371990E+00 7.412997E+00 6.452564E+00 3.236903E+00 2.737944E+00 2.461139E+00 2.266833E+00 2.147167E+00 2.076837E+00 1.939119E+00 1.671659E+00 1.334612E+00 1.095473E+00 9.339375E-01 8.094586E-01 7.079258E-01 6.272806E-01 5.738593E-01 3.927447E-01 
1.434503E+02 8.234212E+01 5.929329E+01 4.743194E+01 4.033953E+01 3.569402E+01 3.245578E+01 3.009512E+01 2.831661E+01 2.694509E+01 1.671663E+01 1.316953E+01 1.165223E+01 6.322499E+00 5.333277E+00 4.804444E+00 4.391758E+00 4.144292E+00 4.015888E+00 3.733320E+00 3.213207E+00 2.578709E+00 2.119759E+00 1.807078E+00 1.570337E+00 1.376950E+00 1.221165E+00 1.119917E+00 6.476009E-01 
1.260614E+02 7.181797E+01 5.164886E+01 4.135301E+01 3.523045E+01 3.123425E+01 2.845444E+01 2.643063E+01 2.490834E+01 2.373686E+01 1.472527E+01 1.164423E+01 1.028506E+01 5.480751E+00 4.632101E+00 4.174019E+00 3.832845E+00 3.629491E+00 3.519627E+00 3.282854E+00 2.831353E+00 2.268802E+00 1.865239E+00 1.592659E+00 1.384574E+00 1.214242E+00 1.078266E+00 9.893844E-01 5.765180E-01 
1.205619E+02 6.859598E+01 4.932628E+01 3.950141E+01 3.365940E+01 2.984313E+01 2.718478E+01 2.524624E+01 2.378565E+01 2.266036E+01 1.408770E+01 1.114357E+01 9.813315E+00 5.278513E+00 4.481626E+00 4.041079E+00 3.746028E+00 3.557888E+00 3.450497E+00 3.232587E+00 2.786503E+00 2.232822E+00 1.836141E+00 1.562509E+00 1.355097E+00 1.186240E+00 1.049461E+00 9.583535E-01 5.854148E-01 
1.170712E+02 6.643699E+01 4.776504E+01 3.828004E+01 3.266023E+01 2.900211E+01 2.646278E+01 2.461751E+01 2.323207E+01 2.216883E+01 1.377977E+01 1.095210E+01 9.682448E+00 5.125483E+00 4.345529E+00 3.921969E+00 3.619271E+00 3.435881E+00 3.335518E+00 3.117861E+00 2.689536E+00 2.149643E+00 1.764630E+00 1.506775E+00 1.310747E+00 1.150426E+00 1.022616E+00 9.393541E-01 5.144086E-01 
1.225442E+02 6.978577E+01 5.018201E+01 4.017429E+01 3.421748E+01 3.032209E+01 2.760635E+01 2.562434E+01 2.412957E+01 2.297684E+01 1.427911E+01 1.128001E+01 9.923445E+00 5.363222E+00 4.555666E+00 4.105746E+00 3.814313E+00 3.627232E+00 3.516663E+00 3.301806E+00 2.850978E+00 2.284770E+00 1.880333E+00 1.601202E+00 1.387700E+00 1.213801E+00 1.073322E+00 9.785246E-01 6.063207E-01 
1.269150E+02 7.236947E+01 5.205795E+01 4.168040E+01 3.550567E+01 3.147376E+01 2.866836E+01 2.662562E+01 2.508889E+01 2.390596E+01 1.488484E+01 1.180498E+01 1.042862E+01 5.648785E+00 4.801324E+00 4.333709E+00 4.021157E+00 3.821978E+00 3.709373E+00 3.475614E+00 2.994113E+00 2.393756E+00 1.965148E+00 1.672118E+00 1.451152E+00 1.271316E+00 1.125962E+00 1.029670E+00 5.859070E-01 
1.303858E+02 7.445374E+01 5.363209E+01 4.299985E+01 3.668492E+01 3.257562E+01 2.972777E+01 2.766395E+01 2.611896E+01 2.493682E+01 1.560357E+01 1.249325E+01 1.115588E+01 6.075926E+00 5.193642E+00 4.720966E+00 4.389272E+00 4.189010E+00 4.093802E+00 3.845904E+00 3.321697E+00 2.655693E+00 2.180569E+00 1.863927E+00 1.629818E+00 1.439179E+00 1.285424E+00 1.186697E+00 4.653213E-01 
9.504624E+01 5.343884E+01 3.835545E+01 3.075556E+01 2.626080E+01 2.332636E+01 2.127846E+01 1.978171E+01 1.865217E+01 1.778129E+01 1.097212E+01 8.618895E+00 7.487776E+00 3.886239E+00 3.282689E+00 2.942743E+00 2.717144E+00 2.568777E+00 2.477260E+00 2.313644E+00 1.989290E+00 1.592438E+00 1.308382E+00 1.108410E+00 9.556957E-01 8.317981E-01 7.308730E-01 6.616342E-01 5.110591E-01 
1.314804E+02 7.510137E+01 5.404643E+01 4.327231E+01 3.685809E+01 3.267106E+01 2.976015E+01 2.764257E+01 2.605076E+01 2.482672E+01 1.547309E+01 1.229365E+01 1.089395E+01 5.919653E+00 5.032492E+00 4.546591E+00 4.213681E+00 4.004703E+00 3.890477E+00 3.642820E+00 3.137448E+00 2.506517E+00 2.056178E+00 1.751276E+00 1.522128E+00 1.335341E+00 1.184982E+00 1.086587E+00 5.774105E-01 
1.046948E+02 5.908816E+01 4.246616E+01 3.407998E+01 2.913313E+01 2.592127E+01 2.369496E+01 2.207892E+01 2.086718E+01 1.993858E+01 1.238005E+01 9.855482E+00 8.695595E+00 4.524919E+00 3.839724E+00 3.465722E+00 3.203069E+00 3.045449E+00 2.957470E+00 2.770177E+00 2.393848E+00 1.911342E+00 1.569191E+00 1.341601E+00 1.167379E+00 1.025040E+00 9.122786E-01 8.385970E-01 4.579928E-01 
9.018411E+01 5.057365E+01 3.634652E+01 2.923120E+01 2.505683E+01 2.235503E+01 2.048539E+01 1.913011E+01 1.811580E+01 1.734057E+01 1.076930E+01 8.600286E+00 7.567062E+00 3.870739E+00 3.291021E+00 2.971876E+00 2.758046E+00 2.626727E+00 2.550887E+00 2.391753E+00 2.065832E+00 1.644319E+00 1.347432E+00 1.151377E+00 1.001501E+00 8.789804E-01 7.823623E-01 7.190653E-01 3.931769E-01 
1.600122E+02 9.239636E+01 6.667779E+01 5.338161E+01 4.541479E+01 4.019977E+01 3.657208E+01 3.393661E+01 3.195902E+01 3.044065E+01 1.896342E+01 1.503866E+01 1.345847E+01 7.429003E+00 6.287252E+00 5.699301E+00 5.205826E+00 4.918041E+00 4.791661E+00 4.450435E+00 3.823588E+00 3.059527E+00 2.507564E+00 2.138050E+00 1.867442E+00 1.647390E+00 1.468794E+00 1.355145E+00 5.416456E-01 
1.610803E+02 9.301863E+01 6.708117E+01 5.365800E+01 4.560905E+01 4.033504E+01 3.666438E+01 3.399575E+01 3.199106E+01 3.044953E+01 1.899599E+01 1.507538E+01 1.344038E+01 7.496511E+00 6.362633E+00 5.754309E+00 5.303742E+00 5.024532E+00 4.882578E+00 4.549428E+00 3.903707E+00 3.110854E+00 2.543431E+00 2.162849E+00 1.881734E+00 1.653005E+00 1.468474E+00 1.349351E+00 6.281030E-01 
1.248577E+02 7.111954E+01 5.115921E+01 4.097679E+01 3.492685E+01 3.098235E+01 2.824179E+01 2.624891E+01 2.475136E+01 2.360035E+01 1.470930E+01 1.170201E+01 1.035795E+01 5.603096E+00 4.772115E+00 4.311522E+00 4.011729E+00 3.820720E+00 3.712064E+00 3.485679E+00 3.006947E+00 2.400185E+00 1.968850E+00 1.676715E+00 1.456603E+00 1.277345E+00 1.132947E+00 1.036857E+00 5.493553E-01 
1.132147E+02 6.433302E+01 4.625738E+01 3.704884E+01 3.156603E+01 2.797355E+01 2.546179E+01 2.362322E+01 2.223350E+01 2.116023E+01 1.313457E+01 1.031430E+01 9.024068E+00 4.870008E+00 4.141068E+00 3.734897E+00 3.476435E+00 3.312332E+00 3.214608E+00 3.030810E+00 2.634706E+00 2.127625E+00 1.763361E+00 1.510865E+00 1.311945E+00 1.148953E+00 1.018747E+00 9.320530E-01 6.318740E-01 
1.850551E+02 1.076368E+02 7.782985E+01 6.231297E+01 5.297405E+01 4.684689E+01 4.258658E+01 3.949717E+01 3.718597E+01 3.541603E+01 2.206792E+01 1.750329E+01 1.580439E+01 8.864054E+00 7.492950E+00 6.812658E+00 6.186570E+00 5.841506E+00 5.708212E+00 5.285970E+00 4.534495E+00 3.613562E+00 2.950379E+00 2.518211E+00 2.208044E+00 1.955313E+00 1.751804E+00 1.624308E+00 4.829464E-01 
1.283382E+02 7.323941E+01 5.269774E+01 4.219557E+01 3.594390E+01 3.186083E+01 2.901958E+01 2.695054E+01 2.539363E+01 2.419526E+01 1.505847E+01 1.193217E+01 1.054611E+01 5.705863E+00 4.844687E+00 4.373298E+00 4.044682E+00 3.838292E+00 3.725380E+00 3.485785E+00 3.004073E+00 2.405230E+00 1.975945E+00 1.683306E+00 1.462470E+00 1.282520E+00 1.137335E+00 1.042224E+00 5.867432E-01 
7.861311E+01 4.385507E+01 3.155084E+01 2.545289E+01 2.189727E+01 1.960510E+01 1.802377E+01 1.688107E+01 1.602905E+01 1.538054E+01 9.554620E+00 7.675058E+00 6.756447E+00 3.391711E+00 2.891456E+00 2.616679E+00 2.438116E+00 2.328687E+00 2.265660E+00 2.127670E+00 1.837970E+00 1.456867E+00 1.191042E+00 1.018315E+00 8.870145E-01 7.802644E-01 6.963888E-01 6.415253E-01 3.106878E-01 
1.961889E+02 1.149396E+02 8.330972E+01 6.674143E+01 5.672354E+01 5.012056E+01 4.550835E+01 4.215118E+01 3.963034E+01 3.769442E+01 2.368314E+01 1.883856E+01 1.697018E+01 9.912021E+00 8.472271E+00 7.735786E+00 7.145884E+00 6.775784E+00 6.629910E+00 6.175402E+00 5.281833E+00 4.220935E+00 3.450730E+00 2.921620E+00 2.551321E+00 2.256425E+00 2.006714E+00 1.846333E+00 5.997802E-01 
1.767276E+02 1.029025E+02 7.444841E+01 5.962909E+01 5.070553E+01 4.484303E+01 4.075740E+01 3.778483E+01 3.555356E+01 3.384021E+01 2.127760E+01 1.697600E+01 1.524450E+01 8.828358E+00 7.587605E+00 6.922862E+00 6.481640E+00 6.216481E+00 6.092611E+00 5.745827E+00 4.975264E+00 3.987203E+00 3.280552E+00 2.808126E+00 2.459860E+00 2.176573E+00 1.947045E+00 1.799163E+00 5.739379E-01 
1.394248E+02 7.980836E+01 5.749954E+01 4.607419E+01 3.927512E+01 3.484520E+01 3.177576E+01 2.955332E+01 2.789096E+01 2.661867E+01 1.657582E+01 1.320508E+01 1.181349E+01 6.371453E+00 5.411394E+00 4.913010E+00 4.519058E+00 4.302861E+00 4.202506E+00 3.936686E+00 3.410714E+00 2.730524E+00 2.245590E+00 1.927907E+00 1.688887E+00 1.493268E+00 1.338048E+00 1.238816E+00 4.711507E-01 
1.307504E+02 7.473574E+01 5.380251E+01 4.308418E+01 3.669689E+01 3.252191E+01 2.961504E+01 2.749758E+01 2.590450E+01 2.467871E+01 1.539734E+01 1.222354E+01 1.082112E+01 5.920248E+00 5.048064E+00 4.565803E+00 4.257629E+00 4.063102E+00 3.952910E+00 3.724226E+00 3.225912E+00 2.585919E+00 2.129769E+00 1.819515E+00 1.582761E+00 1.389455E+00 1.233972E+00 1.130038E+00 5.736826E-01 
1.243199E+02 7.075310E+01 5.093914E+01 4.085869E+01 3.488551E+01 3.100651E+01 2.832396E+01 2.638329E+01 2.493265E+01 2.382433E+01 1.490759E+01 1.197790E+01 1.069807E+01 5.755887E+00 4.912768E+00 4.461482E+00 4.136038E+00 3.937671E+00 3.840866E+00 3.588497E+00 3.080291E+00 2.452728E+00 2.003655E+00 1.701653E+00 1.484648E+00 1.308855E+00 1.164622E+00 1.071481E+00 4.297126E-01 
1.087366E+02 6.151567E+01 4.420883E+01 3.544460E+01 3.025728E+01 2.687884E+01 2.453024E+01 2.282057E+01 2.153492E+01 2.054678E+01 1.274630E+01 1.009822E+01 8.886974E+00 4.663018E+00 3.949722E+00 3.559628E+00 3.283781E+00 3.116225E+00 3.022522E+00 2.826555E+00 2.440449E+00 1.954811E+00 1.607878E+00 1.373256E+00 1.193279E+00 1.046051E+00 9.286938E-01 8.516185E-01 5.139970E-01 
1.408997E+02 8.061207E+01 5.809072E+01 4.656942E+01 3.972613E+01 3.527638E+01 3.220372E+01 2.998680E+01 2.833532E+01 2.707637E+01 1.693157E+01 1.362841E+01 1.227345E+01 6.657013E+00 5.674667E+00 5.163511E+00 4.762375E+00 4.541187E+00 4.443989E+00 4.152052E+00 3.580424E+00 2.846509E+00 2.325618E+00 1.990195E+00 1.745228E+00 1.545082E+00 1.386274E+00 1.285798E+00 3.951772E-01 
8.014365E+01 4.477729E+01 3.216814E+01 2.587566E+01 2.217502E+01 1.976642E+01 1.808921E+01 1.686662E+01 1.594735E+01 1.524206E+01 9.408539E+00 7.423991E+00 6.450650E+00 3.272497E+00 2.770909E+00 2.491005E+00 2.302032E+00 2.181603E+00 2.110039E+00 1.972687E+00 1.699437E+00 1.359246E+00 1.116798E+00 9.498895E-01 8.221261E-01 7.180604E-01 6.344061E-01 5.785879E-01 4.155798E-01 
1.283525E+02 7.333532E+01 5.275519E+01 4.220709E+01 3.590832E+01 3.177742E+01 2.888954E+01 2.677648E+01 2.517890E+01 2.394348E+01 1.483469E+01 1.162714E+01 1.019918E+01 5.510704E+00 4.655161E+00 4.187026E+00 3.848303E+00 3.637811E+00 3.520616E+00 3.287069E+00 2.838537E+00 2.289936E+00 1.891510E+00 1.613831E+00 1.399601E+00 1.224098E+00 1.082535E+00 9.891576E-01 6.847556E-01 
1.628165E+02 9.399783E+01 6.785913E+01 5.435482E+01 4.627333E+01 4.099330E+01 3.733242E+01 3.468071E+01 3.269735E+01 3.118114E+01 1.951373E+01 1.562370E+01 1.407477E+01 7.839598E+00 6.665379E+00 6.061341E+00 5.553103E+00 5.249827E+00 5.124904E+00 4.742386E+00 4.040714E+00 3.210532E+00 2.610552E+00 2.207641E+00 1.927089E+00 1.701933E+00 1.514298E+00 1.395629E+00 4.681759E-01 
1.146012E+02 6.487480E+01 4.665323E+01 3.743955E+01 3.201013E+01 2.849854E+01 2.607792E+01 2.433146E+01 2.302933E+01 2.203664E+01 1.376715E+01 1.109455E+01 9.902724E+00 5.228032E+00 4.459210E+00 4.042083E+00 3.757473E+00 3.587762E+00 3.496966E+00 3.280411E+00 2.829901E+00 2.241645E+00 1.829188E+00 1.563381E+00 1.364346E+00 1.201623E+00 1.073839E+00 9.914969E-01 3.943088E-01 
1.104312E+02 6.258559E+01 4.501627E+01 3.611188E+01 3.084117E+01 2.741002E+01 2.502704E+01 2.329521E+01 2.199541E+01 2.099849E+01 1.310411E+01 1.043843E+01 9.226745E+00 4.931776E+00 4.211850E+00 3.815596E+00 3.566815E+00 3.412962E+00 3.325812E+00 3.140876E+00 2.730094E+00 2.189387E+00 1.806063E+00 1.550595E+00 1.352448E+00 1.189697E+00 1.061355E+00 9.775300E-01 4.920173E-01 
1.275657E+02 7.277520E+01 5.235845E+01 4.192281E+01 3.571154E+01 3.165482E+01 2.883151E+01 2.677447E+01 2.522623E+01 2.403417E+01 1.496014E+01 1.185767E+01 1.047573E+01 5.677862E+00 4.825888E+00 4.355452E+00 4.038242E+00 3.835831E+00 3.722821E+00 3.487674E+00 3.004338E+00 2.403469E+00 1.973309E+00 1.678333E+00 1.456716E+00 1.276357E+00 1.129914E+00 1.032818E+00 5.858675E-01 
