3.003088E+07 2.043278E+07 1.666271E+07 1.348168E+07 1.277664E+07 1.085915E+07 9.396567E+06 8.507342E+06 7.927393E+06 7.516137E+06 7.198222E+06 6.707655E+06 6.326333E+06 6.020194E+06 5.775486E+06 5.581183E+06 5.426158E+06 5.299719E+06 4.821198E+06 4.265349E+06 3.591602E+06 2.918162E+06 2.326234E+06 1.838182E+06 1.131342E+06 6.768199E+05 3.870248E+05 2.119815E+05 1.139253E+05 6.183972E+04 
4.349941E+07 3.068418E+07 2.505530E+07 1.964333E+07 1.883129E+07 1.777641E+07 1.610154E+07 1.489519E+07 1.404715E+07 1.341679E+07 1.291453E+07 1.212495E+07 1.151440E+07 1.103801E+07 1.067349E+07 1.039978E+07 1.019528E+07 1.003973E+07 9.489741E+06 8.702998E+06 7.590640E+06 6.381814E+06 5.259089E+06 4.294753E+06 2.832761E+06 1.836141E+06 1.152877E+06 6.992119E+05 4.160060E+05 2.481181E+05 
3.025424E+07 2.058456E+07 1.678798E+07 1.365998E+07 1.302689E+07 1.127260E+07 9.810252E+06 8.904460E+06 8.308940E+06 7.884620E+06 7.555762E+06 7.048104E+06 6.654704E+06 6.340654E+06 6.091598E+06 5.895893E+06 5.741782E+06 5.617964E+06 5.161192E+06 4.614614E+06 3.926676E+06 3.222585E+06 2.593380E+06 2.067759E+06 1.294275E+06 7.868177E+05 4.569999E+05 2.540880E+05 1.384662E+05 7.609865E+04 
1.951691E+07 1.301824E+07 1.070812E+07 8.949749E+06 8.313663E+06 6.366946E+06 5.308535E+06 4.734602E+06 4.381628E+06 4.140730E+06 3.958611E+06 3.679508E+06 3.458943E+06 3.276595E+06 3.125965E+06 3.002319E+06 2.900512E+06 2.815235E+06 2.490984E+06 2.153107E+06 1.774213E+06 1.411950E+06 1.103467E+06 8.556665E+05 5.082996E+05 2.939904E+05 1.626304E+05 8.623136E+04 4.493220E+04 2.370486E+04 
4.172579E+07 2.929534E+07 2.391003E+07 1.883228E+07 1.805794E+07 1.689183E+07 1.522204E+07 1.404278E+07 1.321987E+07 1.260997E+07 1.212381E+07 1.135521E+07 1.075270E+07 1.027320E+07 9.896487E+06 9.603663E+06 9.375233E+06 9.192756E+06 8.508706E+06 7.655997E+06 6.568168E+06 5.446519E+06 4.438024E+06 3.591236E+06 2.335977E+06 1.497179E+06 9.295845E+05 5.571356E+05 3.275218E+05 1.931392E+05 
4.079546E+07 2.857534E+07 2.331267E+07 1.829234E+07 1.741602E+07 1.586544E+07 1.416573E+07 1.301502E+07 1.222595E+07 1.164823E+07 1.119245E+07 1.048085E+07 9.930487E+06 9.497368E+06 9.160766E+06 8.902150E+06 8.702891E+06 8.545590E+06 7.956915E+06 7.186671E+06 6.178557E+06 5.128295E+06 4.179247E+06 3.380221E+06 2.193827E+06 1.401382E+06 8.667261E+05 5.174212E+05 3.030752E+05 1.781601E+05 
2.706274E+07 1.830179E+07 1.495253E+07 1.228903E+07 1.166251E+07 9.793318E+06 8.426059E+06 7.610164E+06 7.083069E+06 6.711537E+06 6.425341E+06 5.984353E+06 5.640951E+06 5.364234E+06 5.142195E+06 4.965367E+06 4.824074E+06 4.708884E+06 4.277359E+06 3.781401E+06 3.179751E+06 2.578270E+06 2.050591E+06 1.617040E+06 9.933964E+05 5.960635E+05 3.437984E+05 1.908516E+05 1.042475E+05 5.754974E+04 
4.777150E+07 3.415212E+07 2.793832E+07 2.146332E+07 2.025201E+07 1.855621E+07 1.670197E+07 1.540982E+07 1.451039E+07 1.384523E+07 1.331678E+07 1.248691E+07 1.184355E+07 1.133803E+07 1.094602E+07 1.064482E+07 1.041169E+07 1.022576E+07 9.502322E+06 8.553777E+06 7.338504E+06 6.087187E+06 4.963096E+06 4.019854E+06 2.623426E+06 1.691691E+06 1.059919E+06 6.422692E+05 3.818862E+05 2.275902E+05 
3.016658E+07 2.052499E+07 1.675307E+07 1.383481E+07 1.337155E+07 1.198498E+07 1.053645E+07 9.602058E+06 8.975599E+06 8.522264E+06 8.166023E+06 7.606898E+06 7.166126E+06 6.809526E+06 6.523259E+06 6.295620E+06 6.114326E+06 5.967327E+06 5.429673E+06 4.822402E+06 4.078538E+06 3.325554E+06 2.657106E+06 2.101854E+06 1.292304E+06 7.702551E+05 4.384674E+05 2.392324E+05 1.282600E+05 6.956137E+04 
3.165942E+07 2.161575E+07 1.762490E+07 1.431013E+07 1.369517E+07 1.205406E+07 1.055414E+07 9.603662E+06 8.971642E+06 8.517445E+06 8.162908E+06 7.611275E+06 7.180611E+06 6.834916E+06 6.559237E+06 6.341163E+06 6.168045E+06 6.027717E+06 5.504532E+06 4.895249E+06 4.146596E+06 3.390133E+06 2.719416E+06 2.162209E+06 1.347108E+06 8.157959E+05 4.722750E+05 2.618426E+05 1.423592E+05 7.809333E+04 
2.921780E+07 1.982735E+07 1.618866E+07 1.343002E+07 1.298182E+07 1.157379E+07 1.014975E+07 9.239443E+06 8.631937E+06 8.193763E+06 7.850275E+06 7.312286E+06 6.888584E+06 6.545647E+06 6.270004E+06 6.050405E+06 5.875087E+06 5.732522E+06 5.208013E+06 4.618586E+06 3.902991E+06 3.182972E+06 2.546288E+06 2.018625E+06 1.249503E+06 7.511140E+05 4.313040E+05 2.371167E+05 1.278686E+05 6.962705E+04 
2.838495E+07 1.924722E+07 1.569164E+07 1.253741E+07 1.168220E+07 9.430619E+06 8.032135E+06 7.226358E+06 6.715021E+06 6.359820E+06 6.089739E+06 5.679839E+06 5.365447E+06 5.115017E+06 4.916105E+06 4.759129E+06 4.634606E+06 4.533472E+06 4.146126E+06 3.676621E+06 3.097392E+06 2.515219E+06 2.002733E+06 1.580253E+06 9.694601E+05 5.781557E+05 3.296791E+05 1.801283E+05 9.659173E+04 5.232034E+04 
4.403502E+07 3.108600E+07 2.538555E+07 1.995407E+07 1.922701E+07 1.850297E+07 1.687494E+07 1.565948E+07 1.479346E+07 1.414409E+07 1.362304E+07 1.279731E+07 1.215346E+07 1.164767E+07 1.125801E+07 1.096305E+07 1.074051E+07 1.056934E+07 9.957888E+06 9.115501E+06 7.950299E+06 6.695364E+06 5.534317E+06 4.537982E+06 3.022657E+06 1.978235E+06 1.251274E+06 7.621096E+05 4.541173E+05 2.707789E+05 
1.959419E+07 1.307192E+07 1.078157E+07 9.356791E+06 8.924660E+06 7.262637E+06 6.152341E+06 5.517778E+06 5.115936E+06 4.835223E+06 4.619045E+06 4.282104E+06 4.012846E+06 3.789095E+06 3.603560E+06 3.450738E+06 3.324589E+06 3.218865E+06 2.824553E+06 2.433425E+06 2.004133E+06 1.596466E+06 1.249960E+06 9.715375E+05 5.802329E+05 3.374124E+05 1.875690E+05 9.987801E+04 5.223324E+04 2.764506E+04 
2.526531E+07 1.700760E+07 1.393486E+07 1.190941E+07 1.158633E+07 1.025191E+07 8.938535E+06 8.114826E+06 7.570257E+06 7.179571E+06 6.874024E+06 6.395025E+06 6.015630E+06 5.705972E+06 5.454730E+06 5.252682E+06 5.090026E+06 4.956969E+06 4.472937E+06 3.955071E+06 3.339972E+06 2.726210E+06 2.185923E+06 1.739424E+06 1.089487E+06 6.664409E+05 3.912247E+05 2.204728E+05 1.219052E+05 6.794534E+04 
3.170001E+07 2.164213E+07 1.764550E+07 1.432848E+07 1.371845E+07 1.209288E+07 1.059489E+07 9.643948E+06 9.011105E+06 8.556235E+06 8.201376E+06 7.650407E+06 7.222130E+06 6.880354E+06 6.609900E+06 6.398130E+06 6.232170E+06 6.099632E+06 5.617416E+06 5.036724E+06 4.295199E+06 3.528695E+06 2.838901E+06 2.259780E+06 1.404442E+06 8.442541E+05 4.836486E+05 2.650186E+05 1.424454E+05 7.734739E+04 
3.459976E+07 2.384535E+07 1.944403E+07 1.557858E+07 1.486957E+07 1.320918E+07 1.163621E+07 1.062215E+07 9.942470E+06 9.452006E+06 9.068697E+06 8.473957E+06 8.013947E+06 7.649889E+06 7.364897E+06 7.144589E+06 6.974382E+06 6.840370E+06 6.356380E+06 5.740354E+06 4.925815E+06 4.070184E+06 3.293873E+06 2.639723E+06 1.672935E+06 1.038830E+06 6.242444E+05 3.631983E+05 2.083767E+05 1.205924E+05 
3.990708E+07 2.789919E+07 2.275838E+07 1.786983E+07 1.698148E+07 1.531358E+07 1.362062E+07 1.249317E+07 1.172557E+07 1.116650E+07 1.072755E+07 1.004673E+07 9.524781E+06 9.117976E+06 8.805774E+06 8.570050E+06 8.392665E+06 8.256651E+06 7.771382E+06 7.090728E+06 6.141353E+06 5.118002E+06 4.173738E+06 3.367807E+06 2.159657E+06 1.355291E+06 8.229785E+05 4.839357E+05 2.805296E+05 1.639028E+05 
2.679683E+07 1.809002E+07 1.478505E+07 1.229022E+07 1.176757E+07 1.009037E+07 8.730319E+06 7.902130E+06 7.361988E+06 6.978573E+06 6.681521E+06 6.221016E+06 5.860476E+06 5.568916E+06 5.334326E+06 5.147113E+06 4.997366E+06 4.875358E+06 4.424916E+06 3.919580E+06 3.308444E+06 2.695363E+06 2.154498E+06 1.707045E+06 1.055929E+06 6.344502E+05 3.640586E+05 1.999204E+05 1.076402E+05 5.850107E+04 
2.373128E+07 1.591817E+07 1.305664E+07 1.119804E+07 1.083813E+07 9.374395E+06 8.107781E+06 7.334959E+06 6.830442E+06 6.471439E+06 6.192192E+06 5.756076E+06 5.410874E+06 5.128569E+06 4.898842E+06 4.713488E+06 4.563781E+06 4.440956E+06 3.993513E+06 3.520403E+06 2.963566E+06 2.410546E+06 1.924991E+06 1.524336E+06 9.422395E+05 5.655520E+05 3.238915E+05 1.773476E+05 9.514976E+04 5.151929E+04 
5.541713E+07 4.050852E+07 3.328330E+07 2.518754E+07 2.357820E+07 2.176864E+07 1.978897E+07 1.836119E+07 1.735096E+07 1.659737E+07 1.599707E+07 1.505953E+07 1.434656E+07 1.380315E+07 1.339846E+07 1.310255E+07 1.288596E+07 1.272237E+07 1.208896E+07 1.108938E+07 9.685867E+06 8.173497E+06 6.772973E+06 5.569595E+06 3.737095E+06 2.471548E+06 1.584929E+06 9.805600E+05 5.935256E+05 3.590291E+05 
3.894963E+07 2.717328E+07 2.215022E+07 1.716087E+07 1.603405E+07 1.370296E+07 1.197785E+07 1.090455E+07 1.019585E+07 9.690946E+06 9.301747E+06 8.710490E+06 8.266210E+06 7.924880E+06 7.666103E+06 7.472902E+06 7.328909E+06 7.219097E+06 6.812254E+06 6.202831E+06 5.348987E+06 4.434467E+06 3.597134E+06 2.888038E+06 1.836464E+06 1.145220E+06 6.919442E+05 4.050324E+05 2.337200E+05 1.359191E+05 
3.167978E+07 2.163011E+07 1.763689E+07 1.432832E+07 1.372267E+07 1.210587E+07 1.060879E+07 9.657691E+06 9.024577E+06 8.569459E+06 8.214385E+06 7.663043E+06 7.234409E+06 6.892261E+06 6.621428E+06 6.409285E+06 6.242967E+06 6.110088E+06 5.626267E+06 5.043762E+06 4.300291E+06 3.532119E+06 2.841179E+06 2.261444E+06 1.406010E+06 8.463141E+05 4.859865E+05 2.671762E+05 1.441528E+05 7.858099E+04 
3.088326E+07 2.104657E+07 1.716869E+07 1.404795E+07 1.350140E+07 1.197062E+07 1.049868E+07 9.560044E+06 8.934315E+06 8.483890E+06 8.131914E+06 7.583966E+06 7.156426E+06 6.813873E+06 6.541623E+06 6.327434E+06 6.158740E+06 6.023374E+06 5.529726E+06 4.945986E+06 4.209539E+06 3.453241E+06 2.775820E+06 2.209305E+06 1.376269E+06 8.322670E+05 4.812170E+05 2.667388E+05 1.451531E+05 7.976763E+04 
2.765109E+07 1.870434E+07 1.528233E+07 1.269967E+07 1.220423E+07 1.061630E+07 9.230506E+06 8.371884E+06 7.807079E+06 7.403694E+06 7.089743E+06 6.601116E+06 6.217745E+06 5.907737E+06 5.658596E+06 5.460169E+06 5.301899E+06 5.173406E+06 4.703145E+06 4.173920E+06 3.527619E+06 2.874808E+06 2.296272E+06 1.816304E+06 1.117107E+06 6.660746E+05 3.790766E+05 2.065930E+05 1.105383E+05 5.979261E+04 
4.010880E+07 2.803200E+07 2.285881E+07 1.788803E+07 1.695190E+07 1.518092E+07 1.347801E+07 1.235500E+07 1.159458E+07 1.104370E+07 1.061368E+07 9.952493E+06 9.451302E+06 9.065075E+06 8.772366E+06 8.554576E+06 8.393444E+06 8.272106E+06 7.844636E+06 7.211116E+06 6.303749E+06 5.314743E+06 4.395417E+06 3.604984E+06 2.401806E+06 1.572401E+06 9.950136E+05 6.062923E+05 3.613567E+05 2.154495E+05 
2.660566E+07 1.795825E+07 1.466653E+07 1.200154E+07 1.133020E+07 9.367173E+06 8.021254E+06 7.231339E+06 6.725612E+06 6.371799E+06 6.101082E+06 5.687289E+06 5.367763E+06 5.112125E+06 4.908585E+06 4.747988E+06 4.621076E+06 4.518851E+06 4.141975E+06 3.694398E+06 3.133106E+06 2.560311E+06 2.050121E+06 1.625521E+06 1.004778E+06 6.022482E+05 3.444977E+05 1.885733E+05 1.012320E+05 5.487594E+04 
3.608493E+07 2.495758E+07 2.032491E+07 1.579994E+07 1.470838E+07 1.227841E+07 1.062635E+07 9.628889E+06 8.979972E+06 8.522110E+06 8.171227E+06 7.639255E+06 7.237353E+06 6.924754E+06 6.683392E+06 6.498693E+06 6.356679E+06 6.244497E+06 5.814757E+06 5.234422E+06 4.474140E+06 3.685901E+06 2.977205E+06 2.383152E+06 1.506573E+06 9.290664E+05 5.500439E+05 3.127992E+05 1.745253E+05 9.808216E+04 
2.775649E+07 1.877182E+07 1.532975E+07 1.266154E+07 1.210975E+07 1.041197E+07 9.023795E+06 8.174729E+06 7.620094E+06 7.226354E+06 6.921627E+06 6.450613E+06 6.083722E+06 5.788743E+06 5.552956E+06 5.366189E+06 5.218029E+06 5.098335E+06 4.660589E+06 4.156968E+06 3.533173E+06 2.898174E+06 2.331978E+06 1.859388E+06 1.163762E+06 7.067396E+05 4.094750E+05 2.268012E+05 1.230241E+05 6.728062E+04 
3.062644E+07 2.085870E+07 1.701516E+07 1.390866E+07 1.334096E+07 1.174749E+07 1.027896E+07 9.350256E+06 8.733378E+06 8.290352E+06 7.944711E+06 7.407321E+06 6.988282E+06 6.652516E+06 6.385566E+06 6.175449E+06 6.009883E+06 5.876975E+06 5.392474E+06 4.820883E+06 4.100425E+06 3.360683E+06 2.698035E+06 2.143794E+06 1.328973E+06 7.980403E+05 4.573489E+05 2.510031E+05 1.352301E+05 7.362719E+04 
2.746283E+07 1.857205E+07 1.517406E+07 1.257902E+07 1.205117E+07 1.038863E+07 9.007258E+06 8.159818E+06 7.604919E+06 7.209874E+06 6.903156E+06 6.426855E+06 6.053725E+06 5.752132E+06 5.509691E+06 5.316415E+06 5.161974E+06 5.036239E+06 4.571442E+06 4.046562E+06 3.409928E+06 2.771034E+06 2.207947E+06 1.743050E+06 1.069745E+06 6.378570E+05 3.636367E+05 1.987078E+05 1.066347E+05 5.784227E+04 
2.977580E+07 2.025370E+07 1.653454E+07 1.362239E+07 1.311071E+07 1.159385E+07 1.015039E+07 9.235000E+06 8.626170E+06 8.188236E+06 7.845857E+06 7.311669E+06 6.893117E+06 6.556160E+06 6.286966E+06 6.074010E+06 5.905343E+06 5.769311E+06 5.273130E+06 4.700140E+06 3.987355E+06 3.260535E+06 2.612778E+06 2.073474E+06 1.285483E+06 7.753779E+05 4.484881E+05 2.494109E+05 1.364589E+05 7.547754E+04 
3.060167E+07 2.085438E+07 1.700872E+07 1.379766E+07 1.313690E+07 1.134492E+07 9.874268E+06 8.965315E+06 8.368656E+06 7.944405E+06 7.616495E+06 7.112740E+06 6.725246E+06 6.418513E+06 6.177714E+06 5.990834E+06 5.845838E+06 5.731224E+06 5.317077E+06 4.799001E+06 4.121264E+06 3.413256E+06 2.772544E+06 2.232528E+06 1.429488E+06 8.938098E+05 5.368719E+05 3.097025E+05 1.751148E+05 9.958619E+04 
3.202990E+07 2.193179E+07 1.790766E+07 1.478965E+07 1.440435E+07 1.333428E+07 1.186004E+07 1.086435E+07 1.018302E+07 9.682578E+06 9.284239E+06 8.649316E+06 8.140615E+06 7.723545E+06 7.384157E+06 7.109991E+06 6.887549E+06 6.703446E+06 6.006729E+06 5.252041E+06 4.379234E+06 3.529033E+06 2.795669E+06 2.201005E+06 1.358644E+06 8.292206E+05 4.923635E+05 2.838004E+05 1.615114E+05 9.279541E+04 
2.051280E+07 1.370122E+07 1.127886E+07 9.685670E+06 9.215918E+06 7.499595E+06 6.358670E+06 5.705646E+06 5.292043E+06 5.003387E+06 4.781500E+06 4.436878E+06 4.162859E+06 3.936258E+06 3.749260E+06 3.595961E+06 3.469972E+06 3.364752E+06 2.971238E+06 2.570894E+06 2.123878E+06 1.695756E+06 1.330104E+06 1.035399E+06 6.201073E+05 3.617842E+05 2.019754E+05 1.081122E+05 5.686827E+04 3.027579E+04 
2.874214E+07 1.948468E+07 1.590053E+07 1.301984E+07 1.241003E+07 1.063474E+07 9.215961E+06 8.349190E+06 7.783194E+06 7.381673E+06 7.071304E+06 6.592739E+06 6.221384E+06 5.924003E+06 5.687245E+06 5.500432E+06 5.352740E+06 5.233713E+06 4.796289E+06 4.283306E+06 3.643126E+06 2.989803E+06 2.406608E+06 1.919545E+06 1.202368E+06 7.310682E+05 4.243113E+05 2.355337E+05 1.280679E+05 7.020550E+04 
3.811214E+07 2.649144E+07 2.160827E+07 1.727252E+07 1.665215E+07 1.552080E+07 1.392099E+07 1.281052E+07 1.204203E+07 1.147533E+07 1.102489E+07 1.031343E+07 9.754244E+06 9.306715E+06 8.952580E+06 8.675240E+06 8.457448E+06 8.282705E+06 7.635268E+06 6.855538E+06 5.872412E+06 4.863530E+06 3.959401E+06 3.202271E+06 2.083095E+06 1.336721E+06 8.315289E+05 4.994104E+05 2.941527E+05 1.737348E+05 
2.511537E+07 1.692872E+07 1.387072E+07 1.174056E+07 1.131438E+07 9.762323E+06 8.446546E+06 7.641552E+06 7.114167E+06 6.737323E+06 6.442858E+06 5.980036E+06 5.610991E+06 5.307231E+06 5.058322E+06 4.855797E+06 4.690538E+06 4.553355E+06 4.041331E+06 3.506939E+06 2.897739E+06 2.307809E+06 1.801138E+06 1.392160E+06 8.187191E+05 4.684402E+05 2.573010E+05 1.363317E+05 7.146425E+04 3.812834E+04 
2.203232E+07 1.476198E+07 1.214392E+07 1.055391E+07 1.021815E+07 8.747194E+06 7.528509E+06 6.793605E+06 6.315157E+06 5.974110E+06 5.707512E+06 5.286730E+06 4.948238E+06 4.666700E+06 4.433400E+06 4.241395E+06 4.083009E+06 3.950340E+06 3.456302E+06 2.967294E+06 2.431046E+06 1.922543E+06 1.491561E+06 1.146926E+06 6.681725E+05 3.783545E+05 2.050959E+05 1.069030E+05 5.500406E+04 2.878737E+04 
4.350392E+07 3.067378E+07 2.504687E+07 1.971946E+07 1.900647E+07 1.825249E+07 1.662619E+07 1.541954E+07 1.456206E+07 1.392013E+07 1.340554E+07 1.259033E+07 1.195430E+07 1.145390E+07 1.106757E+07 1.077436E+07 1.055248E+07 1.038130E+07 9.769248E+06 8.936074E+06 7.790788E+06 6.561215E+06 5.426392E+06 4.454757E+06 2.981235E+06 1.967158E+06 1.258231E+06 7.760950E+05 4.682391E+05 2.823311E+05 
2.592501E+07 1.749186E+07 1.430380E+07 1.183296E+07 1.123400E+07 9.381853E+06 8.050270E+06 7.261543E+06 6.753735E+06 6.396300E+06 6.120873E+06 5.695234E+06 5.361697E+06 5.090835E+06 4.871519E+06 4.695039E+06 4.552411E+06 4.434812E+06 3.990173E+06 3.498817E+06 2.922313E+06 2.356672E+06 1.866380E+06 1.467008E+06 8.974701E+05 5.373239E+05 3.095354E+05 1.716749E+05 9.369021E+04 5.167345E+04 
4.767526E+07 3.400937E+07 2.781157E+07 2.157650E+07 2.063681E+07 1.977171E+07 1.807357E+07 1.679846E+07 1.588699E+07 1.520285E+07 1.465448E+07 1.378953E+07 1.312212E+07 1.260542E+07 1.221470E+07 1.192555E+07 1.171302E+07 1.155396E+07 1.099363E+07 1.014784E+07 8.924677E+06 7.580109E+06 6.319606E+06 5.226827E+06 3.543724E+06 2.363048E+06 1.523849E+06 9.456726E+05 5.730901E+05 3.466860E+05 
2.810792E+07 1.904828E+07 1.556149E+07 1.287718E+07 1.234914E+07 1.071080E+07 9.307236E+06 8.439197E+06 7.868513E+06 7.460895E+06 7.143384E+06 6.648012E+06 6.257584E+06 5.940055E+06 5.682949E+06 5.476135E+06 5.309079E+06 5.171451E+06 4.654000E+06 4.087346E+06 3.423196E+06 2.770109E+06 2.202094E+06 1.737576E+06 1.070923E+06 6.454144E+05 3.738613E+05 2.082705E+05 1.140569E+05 6.307918E+04 
2.785682E+07 1.887540E+07 1.540948E+07 1.254559E+07 1.185009E+07 9.872374E+06 8.478317E+06 7.650496E+06 7.116289E+06 6.739761E+06 6.449595E+06 6.002075E+06 5.653152E+06 5.371714E+06 5.145731E+06 4.965691E+06 4.821850E+06 4.704685E+06 4.268772E+06 3.771086E+06 3.165661E+06 2.557861E+06 2.022477E+06 1.581132E+06 9.455683E+05 5.450480E+05 2.986614E+05 1.565244E+05 8.068816E+04 4.222428E+04 
2.061572E+07 1.376293E+07 1.130769E+07 9.492723E+06 8.893976E+06 6.988987E+06 5.872898E+06 5.254019E+06 4.869201E+06 4.604876E+06 4.404548E+06 4.098296E+06 3.858402E+06 3.662289E+06 3.502315E+06 3.372849E+06 3.267922E+06 3.181476E+06 2.861127E+06 2.515809E+06 2.109473E+06 1.707733E+06 1.356781E+06 1.068657E+06 6.531510E+05 3.872445E+05 2.188148E+05 1.181118E+05 6.245455E+04 3.334280E+04 
4.153064E+07 2.918195E+07 2.380367E+07 1.831584E+07 1.709300E+07 1.472682E+07 1.293358E+07 1.180139E+07 1.104795E+07 1.050843E+07 1.009134E+07 9.457429E+06 8.983058E+06 8.621494E+06 8.350293E+06 8.150443E+06 8.003707E+06 7.893502E+06 7.486361E+06 6.843950E+06 5.923613E+06 4.927810E+06 4.009944E+06 3.228607E+06 2.062956E+06 1.291603E+06 7.830530E+05 4.597070E+05 2.659297E+05 1.549742E+05 
2.489693E+07 1.674762E+07 1.370434E+07 1.141255E+07 1.084613E+07 9.029415E+06 7.734205E+06 6.971236E+06 6.481585E+06 6.137748E+06 5.873266E+06 5.465145E+06 5.145583E+06 4.886159E+06 4.676282E+06 4.507721E+06 4.371946E+06 4.260525E+06 3.844959E+06 3.385738E+06 2.840433E+06 2.300015E+06 1.827634E+06 1.439884E+06 8.813108E+05 5.244077E+05 2.982024E+05 1.623898E+05 8.677198E+04 4.684377E+04 
2.676310E+07 1.806658E+07 1.478786E+07 1.262979E+07 1.238240E+07 1.128590E+07 9.939865E+06 9.062962E+06 8.473208E+06 8.045174E+06 7.707588E+06 7.174500E+06 6.750571E+06 6.404500E+06 6.124141E+06 5.899221E+06 5.718695E+06 5.571517E+06 5.039545E+06 4.467401E+06 3.781387E+06 3.092325E+06 2.482811E+06 1.977224E+06 1.238545E+06 7.565747E+05 4.431698E+05 2.491550E+05 1.374719E+05 7.649447E+04 
2.722190E+07 1.839705E+07 1.503467E+07 1.250622E+07 1.200455E+07 1.038553E+07 9.011906E+06 8.166599E+06 7.612369E+06 7.217423E+06 6.910532E+06 6.433501E+06 6.059402E+06 5.756760E+06 5.513306E+06 5.319142E+06 5.163993E+06 5.037756E+06 4.573305E+06 4.051416E+06 3.417718E+06 2.780527E+06 2.217883E+06 1.752526E+06 1.076966E+06 6.424677E+05 3.661568E+05 1.999100E+05 1.071513E+05 5.804736E+04 
3.019295E+07 2.055054E+07 1.676892E+07 1.373609E+07 1.317408E+07 1.156959E+07 1.011243E+07 9.195246E+06 8.587757E+06 8.152449E+06 7.813371E+06 7.286724E+06 6.875978E+06 6.546402E+06 6.283771E+06 6.076372E+06 5.912231E+06 5.779771E+06 5.292198E+06 4.723580E+06 4.017424E+06 3.298816E+06 2.658777E+06 2.125365E+06 1.341874E+06 8.269443E+05 4.891181E+05 2.777559E+05 1.547174E+05 8.681738E+04 
3.172774E+07 2.164987E+07 1.764329E+07 1.424035E+07 1.356053E+07 1.178434E+07 1.028335E+07 9.346801E+06 8.729276E+06 8.289077E+06 7.948485E+06 7.425558E+06 7.024477E+06 6.708311E+06 6.461339E+06 6.270755E+06 6.123813E+06 6.008417E+06 5.594305E+06 5.066484E+06 4.365396E+06 3.625692E+06 2.950591E+06 2.376977E+06 1.514912E+06 9.346856E+05 5.493741E+05 3.082904E+05 1.691871E+05 9.346772E+04 
2.379676E+07 1.597432E+07 1.308917E+07 1.100789E+07 1.048850E+07 8.731827E+06 7.472008E+06 6.731331E+06 6.256295E+06 5.922608E+06 5.665648E+06 5.268189E+06 4.955840E+06 4.701336E+06 4.494697E+06 4.328178E+06 4.193670E+06 4.083088E+06 3.672707E+06 3.227065E+06 2.701874E+06 2.183058E+06 1.730565E+06 1.359910E+06 8.277236E+05 4.895646E+05 2.766661E+05 1.497507E+05 7.957157E+04 4.274600E+04 
2.173365E+07 1.453986E+07 1.194482E+07 1.016427E+07 9.669927E+06 7.923714E+06 6.738108E+06 6.053899E+06 5.618965E+06 5.314933E+06 5.081204E+06 4.718867E+06 4.431994E+06 4.195964E+06 4.002234E+06 3.844290E+06 3.715178E+06 3.607853E+06 3.207081E+06 2.790849E+06 2.318080E+06 1.860580E+06 1.466850E+06 1.147449E+06 6.934994E+05 4.079329E+05 2.294088E+05 1.235824E+05 6.535926E+04 3.495296E+04 
3.410217E+07 2.345513E+07 1.913755E+07 1.564034E+07 1.521091E+07 1.420702E+07 1.270226E+07 1.166806E+07 1.095591E+07 1.043195E+07 1.001564E+07 9.356935E+06 8.836847E+06 8.418211E+06 8.085028E+06 7.822883E+06 7.616521E+06 7.451062E+06 6.849594E+06 6.140252E+06 5.244500E+06 4.323757E+06 3.499107E+06 2.810192E+06 1.798555E+06 1.133880E+06 6.932444E+05 4.100136E+05 2.384764E+05 1.394743E+05 
2.962616E+07 2.012485E+07 1.642697E+07 1.357281E+07 1.309482E+07 1.164430E+07 1.020858E+07 9.292774E+06 8.682244E+06 8.242433E+06 7.898218E+06 7.360610E+06 6.938972E+06 6.599265E+06 6.327683E+06 6.112723E+06 5.942436E+06 5.805145E+06 5.306815E+06 4.735337E+06 4.024430E+06 3.298087E+06 2.648902E+06 2.106452E+06 1.308837E+06 7.880046E+05 4.526808E+05 2.489154E+05 1.342881E+05 7.317990E+04 
3.354278E+07 2.304032E+07 1.878040E+07 1.501490E+07 1.425219E+07 1.240024E+07 1.084670E+07 9.872554E+06 9.228627E+06 8.769098E+06 8.413543E+06 7.868527E+06 7.452200E+06 7.125823E+06 6.872568E+06 6.678631E+06 6.530356E+06 6.414857E+06 6.000810E+06 5.454701E+06 4.717978E+06 3.937353E+06 3.225067E+06 2.621386E+06 1.717845E+06 1.107412E+06 6.904839E+05 4.149387E+05 2.442465E+05 1.440617E+05 
2.368204E+07 1.591646E+07 1.306312E+07 1.118851E+07 1.080637E+07 9.292959E+06 8.021670E+06 7.248964E+06 6.744223E+06 6.383995E+06 6.102481E+06 5.659150E+06 5.304146E+06 5.010459E+06 4.768487E+06 4.570511E+06 4.408104E+06 4.272691E+06 3.767718E+06 3.253641E+06 2.678000E+06 2.125894E+06 1.654591E+06 1.275820E+06 7.470965E+05 4.255594E+05 2.324936E+05 1.223923E+05 6.369657E+04 3.373561E+04 
2.585432E+07 1.742560E+07 1.424616E+07 1.178697E+07 1.119175E+07 9.346175E+06 8.019244E+06 7.233730E+06 6.728395E+06 6.373136E+06 6.099846E+06 5.678734E+06 5.350111E+06 5.084417E+06 4.870407E+06 4.699300E+06 4.562079E+06 4.449897E+06 4.031394E+06 3.560319E+06 2.994273E+06 2.429925E+06 1.934753E+06 1.527159E+06 9.381450E+05 5.603536E+05 3.199666E+05 1.750112E+05 9.393018E+04 5.091989E+04 
2.984406E+07 2.033923E+07 1.657975E+07 1.315614E+07 1.224286E+07 9.919641E+06 8.467463E+06 7.625621E+06 7.089300E+06 6.715367E+06 6.429913E+06 5.994095E+06 5.657169E+06 5.386557E+06 5.169437E+06 4.995869E+06 4.855967E+06 4.740283E+06 4.284524E+06 3.751252E+06 3.121563E+06 2.506987E+06 1.978130E+06 1.550822E+06 9.490894E+05 5.742793E+05 3.380840E+05 1.932609E+05 1.091205E+05 6.223159E+04 
3.698744E+07 2.563827E+07 2.091149E+07 1.677146E+07 1.616272E+07 1.495083E+07 1.336261E+07 1.227591E+07 1.152837E+07 1.097907E+07 1.054336E+07 9.855769E+06 9.314661E+06 8.880260E+06 8.535021E+06 8.263217E+06 8.048496E+06 7.875163E+06 7.228974E+06 6.464274E+06 5.514657E+06 4.549068E+06 3.689524E+06 2.973758E+06 1.923309E+06 1.229014E+06 7.624895E+05 4.573031E+05 2.692038E+05 1.589863E+05 
2.739376E+07 1.851071E+07 1.512087E+07 1.252825E+07 1.199587E+07 1.032377E+07 8.947666E+06 8.106007E+06 7.556351E+06 7.166290E+06 6.864571E+06 6.398678E+06 6.036335E+06 5.745498E+06 5.513490E+06 5.330199E+06 5.185293E+06 5.068704E+06 4.645734E+06 4.155572E+06 3.541920E+06 2.913159E+06 2.350109E+06 1.878632E+06 1.181975E+06 7.218899E+05 4.208557E+05 2.346223E+05 1.280792E+05 7.045798E+04 
3.754424E+07 2.601247E+07 2.119532E+07 1.680084E+07 1.603399E+07 1.445952E+07 1.282719E+07 1.174638E+07 1.101292E+07 1.047979E+07 1.006168E+07 9.413259E+06 8.914869E+06 8.524353E+06 8.222373E+06 7.992191E+06 7.817073E+06 7.681295E+06 7.195532E+06 6.544322E+06 5.655618E+06 4.705603E+06 3.831421E+06 3.084641E+06 1.958504E+06 1.201973E+06 7.030632E+05 3.933121E+05 2.156303E+05 1.192231E+05 
2.925942E+07 1.984992E+07 1.621199E+07 1.357009E+07 1.323301E+07 1.208152E+07 1.066942E+07 9.740524E+06 9.112713E+06 8.655668E+06 8.294549E+06 7.723741E+06 7.269995E+06 6.900060E+06 6.600710E+06 6.360609E+06 6.167657E+06 6.009862E+06 5.430644E+06 4.801050E+06 4.051134E+06 3.302405E+06 2.642561E+06 2.096388E+06 1.299955E+06 7.825352E+05 4.495316E+05 2.469746E+05 1.329896E+05 7.227929E+04 
2.832303E+07 1.921664E+07 1.568509E+07 1.273818E+07 1.202789E+07 1.003693E+07 8.627605E+06 7.788696E+06 7.246718E+06 6.864509E+06 6.569941E+06 6.115853E+06 5.762216E+06 5.477365E+06 5.248979E+06 5.067312E+06 4.922400E+06 4.804530E+06 4.365902E+06 3.861186E+06 3.244055E+06 2.622905E+06 2.074969E+06 1.622911E+06 9.716579E+05 5.612538E+05 3.086596E+05 1.626301E+05 8.439836E+04 4.449314E+04 
3.259719E+07 2.234947E+07 1.823390E+07 1.481500E+07 1.423195E+07 1.272876E+07 1.121450E+07 1.023509E+07 9.577907E+06 9.102854E+06 8.730557E+06 8.149734E+06 7.696480E+06 7.334072E+06 7.047012E+06 6.822123E+06 6.645832E+06 6.505019E+06 5.992338E+06 5.373860E+06 4.583782E+06 3.768350E+06 3.037168E+06 2.426685E+06 1.533742E+06 9.536422E+05 5.755202E+05 3.367961E+05 1.943790E+05 1.130842E+05 
3.868023E+07 2.690748E+07 2.194900E+07 1.761805E+07 1.710763E+07 1.635055E+07 1.479547E+07 1.367153E+07 1.288168E+07 1.229378E+07 1.182357E+07 1.107746E+07 1.049063E+07 1.002287E+07 9.655592E+06 9.371250E+06 9.151337E+06 8.978049E+06 8.355119E+06 7.574704E+06 6.547504E+06 5.466959E+06 4.482528E+06 3.647730E+06 2.395679E+06 1.547118E+06 9.660257E+05 5.812634E+05 3.426034E+05 2.023801E+05 
4.537448E+07 3.219624E+07 2.630835E+07 2.040990E+07 1.940040E+07 1.799497E+07 1.622927E+07 1.498460E+07 1.411555E+07 1.347177E+07 1.295963E+07 1.215421E+07 1.152902E+07 1.103755E+07 1.065681E+07 1.036530E+07 1.014125E+07 9.964479E+06 9.296457E+06 8.413315E+06 7.256613E+06 6.049358E+06 4.955250E+06 4.031021E+06 2.651389E+06 1.720840E+06 1.083539E+06 6.588643E+05 3.926399E+05 2.343319E+05 
4.260002E+07 2.999273E+07 2.448363E+07 1.913784E+07 1.822854E+07 1.677872E+07 1.505429E+07 1.386308E+07 1.303902E+07 1.243206E+07 1.195092E+07 1.119562E+07 1.060823E+07 1.014395E+07 9.781523E+06 9.501558E+06 9.284398E+06 9.111673E+06 8.460542E+06 7.628714E+06 6.557422E+06 5.448723E+06 4.449792E+06 3.609871E+06 2.362855E+06 1.526952E+06 9.576009E+05 5.801293E+05 3.445743E+05 2.050539E+05 
2.192533E+07 1.467058E+07 1.204779E+07 1.023154E+07 9.729630E+06 7.973383E+06 6.781690E+06 6.093682E+06 5.656270E+06 5.350526E+06 5.115540E+06 4.751459E+06 4.463458E+06 4.226725E+06 4.032616E+06 3.874541E+06 3.745476E+06 3.638310E+06 3.238499E+06 2.821600E+06 2.346271E+06 1.885148E+06 1.487515E+06 1.164371E+06 7.040378E+05 4.137606E+05 2.321624E+05 1.246468E+05 6.565832E+04 3.496584E+04 
3.337146E+07 2.288558E+07 1.866224E+07 1.518391E+07 1.466087E+07 1.335220E+07 1.182998E+07 1.081972E+07 1.013356E+07 9.632927E+06 9.237352E+06 8.613867E+06 8.121526E+06 7.723380E+06 7.403878E+06 7.149509E+06 6.946176E+06 6.780207E+06 6.157685E+06 5.449422E+06 4.595719E+06 3.742306E+06 2.991106E+06 2.370689E+06 1.469833E+06 8.878216E+05 5.138716E+05 2.854450E+05 1.557133E+05 8.577231E+04 
3.054567E+07 2.079588E+07 1.696698E+07 1.393360E+07 1.341906E+07 1.193771E+07 1.047406E+07 9.537489E+06 8.911978E+06 8.460707E+06 8.107011E+06 7.553391E+06 7.117853E+06 6.765677E+06 6.482738E+06 6.257225E+06 6.076888E+06 5.929803E+06 5.382681E+06 4.766039E+06 4.022492E+06 3.277975E+06 2.621544E+06 2.078439E+06 1.287644E+06 7.751297E+05 4.457969E+05 2.454535E+05 1.325359E+05 7.224360E+04 
2.882910E+07 1.955020E+07 1.596727E+07 1.328102E+07 1.284455E+07 1.144069E+07 1.002661E+07 9.124415E+06 8.522764E+06 8.088906E+06 7.748754E+06 7.215666E+06 6.795333E+06 6.454664E+06 6.180462E+06 5.961716E+06 5.786878E+06 5.644589E+06 5.121798E+06 4.537398E+06 3.829359E+06 3.117678E+06 2.489077E+06 1.968884E+06 1.212923E+06 7.257522E+05 4.150776E+05 2.274953E+05 1.224208E+05 6.657379E+04 
2.938420E+07 1.995042E+07 1.628147E+07 1.338162E+07 1.283276E+07 1.121364E+07 9.777972E+06 8.880660E+06 8.288107E+06 7.864166E+06 7.534153E+06 7.021414E+06 6.620753E+06 6.298301E+06 6.040379E+06 5.835814E+06 5.673150E+06 5.541268E+06 5.053788E+06 4.493522E+06 3.806144E+06 3.111373E+06 2.495233E+06 1.983346E+06 1.234560E+06 7.465788E+05 4.313347E+05 2.385464E+05 1.293369E+05 7.075431E+04 
2.902187E+07 1.969377E+07 1.608505E+07 1.338520E+07 1.296180E+07 1.159725E+07 1.017874E+07 9.268245E+06 8.659193E+06 8.218896E+06 7.872916E+06 7.329231E+06 6.899382E+06 6.550312E+06 6.268885E+06 6.044049E+06 5.864134E+06 5.717619E+06 5.181160E+06 4.586913E+06 3.868619E+06 3.146563E+06 2.508485E+06 1.980291E+06 1.213208E+06 7.207267E+05 4.089323E+05 2.223851E+05 1.188467E+05 6.426476E+04 
3.058219E+07 2.081893E+07 1.698520E+07 1.395690E+07 1.345305E+07 1.199990E+07 1.053866E+07 9.600712E+06 8.973464E+06 8.520696E+06 8.165897E+06 7.611362E+06 7.176517E+06 6.826414E+06 6.546700E+06 6.325333E+06 6.149842E+06 6.008088E+06 5.488322E+06 4.888126E+06 4.144861E+06 3.389035E+06 2.716094E+06 2.155608E+06 1.334696E+06 8.010036E+05 4.586148E+05 2.512442E+05 1.350001E+05 7.326675E+04 
3.274054E+07 2.244166E+07 1.829883E+07 1.475456E+07 1.407996E+07 1.237746E+07 1.085219E+07 9.886222E+06 9.244860E+06 8.785387E+06 8.428408E+06 7.877810E+06 7.453798E+06 7.118769E+06 6.856627E+06 6.654031E+06 6.497578E+06 6.374500E+06 5.931861E+06 5.370856E+06 4.629982E+06 3.852339E+06 3.146766E+06 2.551223E+06 1.664052E+06 1.068101E+06 6.632954E+05 3.971571E+05 2.330563E+05 1.371143E+05 
2.393131E+07 1.607606E+07 1.318392E+07 1.124049E+07 1.083463E+07 9.284767E+06 8.007706E+06 7.233826E+06 6.729146E+06 6.369519E+06 6.088921E+06 5.647963E+06 5.295638E+06 5.004645E+06 4.765245E+06 4.569665E+06 4.409478E+06 4.276128E+06 3.779964E+06 3.273221E+06 2.703153E+06 2.154132E+06 1.683354E+06 1.303018E+06 7.673777E+05 4.374625E+05 2.376115E+05 1.235297E+05 6.316245E+04 3.277652E+04 
3.180591E+07 2.171490E+07 1.770688E+07 1.443815E+07 1.388604E+07 1.239949E+07 1.090638E+07 9.943993E+06 9.299256E+06 8.833656E+06 8.469031E+06 7.900479E+06 7.456652E+06 7.101234E+06 6.818957E+06 6.596969E+06 6.422093E+06 6.281618E+06 5.766196E+06 5.154972E+06 4.386546E+06 3.599440E+06 2.895325E+06 2.306622E+06 1.439891E+06 8.719024E+05 5.040074E+05 2.788036E+05 1.511987E+05 8.274294E+04 
2.729438E+07 1.844615E+07 1.506885E+07 1.246161E+07 1.190537E+07 1.017993E+07 8.804695E+06 7.968990E+06 7.424650E+06 7.038828E+06 6.740417E+06 6.278944E+06 5.918726E+06 5.628207E+06 5.395069E+06 5.209520E+06 5.061505E+06 4.941205E+06 4.497312E+06 3.993685E+06 3.379664E+06 2.760784E+06 2.212923E+06 1.758353E+06 1.094223E+06 6.617496E+05 3.823739E+05 2.114773E+05 1.146452E+05 6.269731E+04 
2.486955E+07 1.672278E+07 1.368122E+07 1.137143E+07 1.079036E+07 8.948462E+06 7.657322E+06 6.900028E+06 6.415407E+06 6.076121E+06 5.815997E+06 5.416506E+06 5.105545E+06 4.854505E+06 4.652640E+06 4.491664E+06 4.363068E+06 4.258476E+06 3.873284E+06 3.437815E+06 2.907118E+06 2.372398E+06 1.899332E+06 1.507115E+06 9.347669E+05 5.628714E+05 3.234723E+05 1.777720E+05 9.572598E+04 5.200341E+04 
3.818064E+07 2.655566E+07 2.165597E+07 1.715299E+07 1.637284E+07 1.482468E+07 1.317854E+07 1.208122E+07 1.133431E+07 1.078986E+07 1.036130E+07 9.692134E+06 9.172460E+06 8.760547E+06 8.437491E+06 8.186687E+06 7.991328E+06 7.835559E+06 7.252437E+06 6.519309E+06 5.580394E+06 4.613008E+06 3.745517E+06 3.019648E+06 1.949841E+06 1.241243E+06 7.660927E+05 4.568588E+05 2.674834E+05 1.572167E+05 
3.810451E+07 2.643987E+07 2.154685E+07 1.708831E+07 1.634678E+07 1.488478E+07 1.324806E+07 1.214795E+07 1.139605E+07 1.084635E+07 1.041283E+07 9.735195E+06 9.209032E+06 8.792350E+06 8.465984E+06 8.213085E+06 8.016612E+06 7.860485E+06 7.280170E+06 6.546250E+06 5.598142E+06 4.615161E+06 3.728574E+06 2.982333E+06 1.874774E+06 1.142200E+06 6.639827E+05 3.692458E+05 2.012328E+05 1.106162E+05 
3.070045E+07 2.090754E+07 1.705438E+07 1.395623E+07 1.340615E+07 1.185661E+07 1.038879E+07 9.455868E+06 8.834863E+06 8.388261E+06 8.039489E+06 7.496766E+06 7.073356E+06 6.734074E+06 6.464376E+06 6.252160E+06 6.084998E+06 5.950856E+06 5.462069E+06 4.885183E+06 4.157841E+06 3.410890E+06 2.741595E+06 2.181522E+06 1.357026E+06 8.180499E+05 4.706064E+05 2.591359E+05 1.399724E+05 7.634907E+04 
2.563967E+07 1.725869E+07 1.413704E+07 1.214023E+07 1.189004E+07 1.072812E+07 9.408668E+06 8.561662E+06 7.995581E+06 7.586173E+06 7.263844E+06 6.754876E+06 6.349125E+06 6.016556E+06 5.745822E+06 5.527453E+06 5.351198E+06 5.206733E+06 4.682707E+06 4.131019E+06 3.481030E+06 2.834220E+06 2.265260E+06 1.795059E+06 1.110860E+06 6.675698E+05 3.829638E+05 2.101821E+05 1.130912E+05 6.143014E+04 
4.470602E+07 3.167192E+07 2.586938E+07 1.997091E+07 1.884031E+07 1.700996E+07 1.519832E+07 1.397450E+07 1.313496E+07 1.252065E+07 1.203700E+07 1.128569E+07 1.070998E+07 1.026203E+07 9.918371E+06 9.657914E+06 9.459849E+06 9.305108E+06 8.719474E+06 7.913203E+06 6.837581E+06 5.706868E+06 4.678380E+06 3.807613E+06 2.505045E+06 1.624973E+06 1.021999E+06 6.205029E+05 3.691712E+05 2.199683E+05 
3.073034E+07 2.092983E+07 1.707622E+07 1.403465E+07 1.353838E+07 1.211182E+07 1.064843E+07 9.705708E+06 9.074381E+06 8.618293E+06 8.260674E+06 7.701355E+06 7.262449E+06 6.908856E+06 6.626143E+06 6.402171E+06 6.224360E+06 6.080469E+06 5.550577E+06 4.939870E+06 4.187091E+06 3.423985E+06 2.746058E+06 2.182318E+06 1.357558E+06 8.206664E+05 4.743329E+05 2.626692E+05 1.427059E+05 7.826057E+04 
2.350454E+07 1.577260E+07 1.291096E+07 1.064682E+07 9.978413E+06 7.972733E+06 6.746875E+06 6.054124E+06 5.619393E+06 5.319464E+06 5.092088E+06 4.746432E+06 4.479166E+06 4.264019E+06 4.091402E+06 3.954126E+06 3.844837E+06 3.756272E+06 3.430516E+06 3.054831E+06 2.590553E+06 2.119751E+06 1.701945E+06 1.354989E+06 8.478580E+05 5.169298E+05 3.018520E+05 1.689506E+05 9.270098E+04 5.125817E+04 
4.465698E+07 3.163673E+07 2.584832E+07 2.010432E+07 1.913397E+07 1.775859E+07 1.601577E+07 1.479040E+07 1.393670E+07 1.330593E+07 1.280585E+07 1.202453E+07 1.142481E+07 1.096013E+07 1.060698E+07 1.034336E+07 1.014716E+07 9.997902E+06 9.454163E+06 8.655427E+06 7.535631E+06 6.329483E+06 5.217369E+06 4.268294E+06 2.840824E+06 1.872643E+06 1.203419E+06 7.491519E+05 4.571345E+05 2.788043E+05 
4.053055E+07 2.834559E+07 2.312120E+07 1.823037E+07 1.744762E+07 1.612919E+07 1.447035E+07 1.332555E+07 1.253540E+07 1.195536E+07 1.149771E+07 1.078569E+07 1.023992E+07 9.816029E+06 9.492637E+06 9.250510E+06 9.070330E+06 8.934055E+06 8.459767E+06 7.777805E+06 6.804638E+06 5.742449E+06 4.753236E+06 3.901236E+06 2.601744E+06 1.704364E+06 1.079130E+06 6.579901E+05 3.924908E+05 2.342328E+05 
3.485923E+07 2.402795E+07 1.958736E+07 1.564055E+07 1.489293E+07 1.315809E+07 1.157320E+07 1.055803E+07 9.880037E+06 9.392290E+06 9.012097E+06 8.423617E+06 7.968896E+06 7.608598E+06 7.325678E+06 7.105837E+06 6.934727E+06 6.798757E+06 6.300688E+06 5.683926E+06 4.888585E+06 4.063346E+06 3.318997E+06 2.692729E+06 1.761491E+06 1.135407E+06 7.084410E+05 4.261608E+05 2.511080E+05 1.482435E+05 
3.103893E+07 2.117156E+07 1.727661E+07 1.419431E+07 1.370197E+07 1.230570E+07 1.083700E+07 9.885888E+06 9.247505E+06 8.785752E+06 8.423524E+06 7.857331E+06 7.414071E+06 7.058295E+06 6.775271E+06 6.552534E+06 6.377172E+06 6.236635E+06 5.728324E+06 5.131596E+06 4.376839E+06 3.599221E+06 2.900831E+06 2.315494E+06 1.452431E+06 8.864218E+05 5.186789E+05 2.916215E+05 1.611372E+05 8.989056E+04 
3.241762E+07 2.221263E+07 1.811065E+07 1.453656E+07 1.379321E+07 1.191827E+07 1.039293E+07 9.445881E+06 8.822545E+06 8.378579E+06 8.035131E+06 7.507521E+06 7.102329E+06 6.782425E+06 6.532022E+06 6.338227E+06 6.188177E+06 6.069651E+06 5.636928E+06 5.086035E+06 4.364410E+06 3.612352E+06 2.934240E+06 2.365356E+06 1.525950E+06 9.703277E+05 5.984141E+05 3.567377E+05 2.088463E+05 1.227458E+05 
2.718006E+07 1.836441E+07 1.500984E+07 1.252039E+07 1.204536E+07 1.047846E+07 9.106147E+06 8.256855E+06 7.698575E+06 7.299940E+06 6.989593E+06 6.505960E+06 6.125506E+06 5.816787E+06 5.567584E+06 5.368010E+06 5.207771E+06 5.076735E+06 4.592081E+06 4.056922E+06 3.417274E+06 2.779451E+06 2.218844E+06 1.756298E+06 1.085137E+06 6.518706E+05 3.742881E+05 2.057958E+05 1.109863E+05 6.042909E+04 
3.701137E+07 2.566126E+07 2.091162E+07 1.640881E+07 1.545627E+07 1.339408E+07 1.173674E+07 1.069409E+07 1.000302E+07 9.509231E+06 9.127278E+06 8.543490E+06 8.100595E+06 7.756505E+06 7.492171E+06 7.291780E+06 7.139935E+06 7.022378E+06 6.594216E+06 6.005783E+06 5.204595E+06 4.353143E+06 3.574276E+06 2.912421E+06 1.917755E+06 1.241677E+06 7.770700E+05 4.683524E+05 2.763058E+05 1.632407E+05 
2.146454E+07 1.435549E+07 1.180355E+07 1.012698E+07 9.679970E+06 8.008846E+06 6.827034E+06 6.139156E+06 5.699844E+06 5.391574E+06 5.153830E+06 4.784096E+06 4.490641E+06 4.248871E+06 4.050254E+06 3.888242E+06 3.755796E+06 3.645761E+06 3.236914E+06 2.815224E+06 2.336607E+06 1.873346E+06 1.474745E+06 1.151653E+06 6.934673E+05 4.064993E+05 2.279775E+05 1.225940E+05 6.478262E+04 3.464166E+04 
2.890737E+07 1.960602E+07 1.602002E+07 1.345639E+07 1.313963E+07 1.201143E+07 1.060708E+07 9.682313E+06 9.056722E+06 8.600646E+06 8.239581E+06 7.666894E+06 7.209401E+06 6.834479E+06 6.529349E+06 6.283010E+06 6.083593E+06 5.919264E+06 5.309598E+06 4.659112E+06 3.901580E+06 3.156619E+06 2.507674E+06 1.975904E+06 1.210733E+06 7.219990E+05 4.119239E+05 2.252961E+05 1.210025E+05 6.568446E+04 
4.054197E+07 2.839576E+07 2.316310E+07 1.806576E+07 1.706937E+07 1.518032E+07 1.345098E+07 1.231881E+07 1.155380E+07 1.099969E+07 1.056660E+07 9.898117E+06 9.387671E+06 8.990497E+06 8.685472E+06 8.454231E+06 8.278674E+06 8.142072E+06 7.631345E+06 6.922489E+06 5.968034E+06 4.962759E+06 4.050067E+06 3.280365E+06 2.138322E+06 1.377226E+06 8.626390E+05 5.231008E+05 3.114449E+05 1.858849E+05 
3.129600E+07 2.134475E+07 1.739141E+07 1.392939E+07 1.314646E+07 1.113037E+07 9.635166E+06 8.728612E+06 8.138864E+06 7.722527E+06 7.402871E+06 6.915919E+06 6.544843E+06 6.253409E+06 6.026324E+06 5.851388E+06 5.716614E+06 5.610685E+06 5.225012E+06 4.724688E+06 4.060977E+06 3.363480E+06 2.729456E+06 2.192848E+06 1.390850E+06 8.549204E+05 5.011390E+05 2.807194E+05 1.538798E+05 8.494609E+04 
2.741842E+07 1.853080E+07 1.514296E+07 1.262511E+07 1.215553E+07 1.061397E+07 9.239450E+06 8.385923E+06 7.824681E+06 7.424533E+06 7.113961E+06 6.633034E+06 6.258465E+06 5.957870E+06 5.718348E+06 5.529496E+06 5.380634E+06 5.261332E+06 4.833162E+06 4.336286E+06 3.708488E+06 3.061166E+06 2.478998E+06 1.989919E+06 1.264208E+06 7.814803E+05 4.621861E+05 2.617635E+05 1.451872E+05 8.106849E+04 
3.060513E+07 2.084071E+07 1.700479E+07 1.398176E+07 1.348487E+07 1.204918E+07 1.058829E+07 9.648706E+06 9.019824E+06 8.565586E+06 8.209412E+06 7.652243E+06 7.214894E+06 6.862496E+06 6.580747E+06 6.357607E+06 6.180571E+06 6.037450E+06 5.512046E+06 4.906359E+06 4.157721E+06 3.397490E+06 2.721535E+06 2.159343E+06 1.337684E+06 8.046891E+05 4.627379E+05 2.550272E+05 1.379807E+05 7.541256E+04 
