2.524953E+07 1.694423E+07 1.377196E+07 1.054223E+07 9.426726E+06 6.805688E+06 5.617561E+06 4.999866E+06 4.630717E+06 4.386369E+06 4.207471E+06 3.944539E+06 3.745893E+06 3.587575E+06 3.461529E+06 3.362247E+06 3.284168E+06 3.221741E+06 2.994915E+06 2.729742E+06 2.410772E+06 2.093706E+06 1.805529E+06 1.546688E+06 1.080399E+06 6.559475E+05 3.282486E+05 1.419635E+05 5.814266E+04 2.398656E+04 
5.161011E+07 3.714432E+07 3.039142E+07 2.293255E+07 2.134132E+07 1.897564E+07 1.695326E+07 1.559160E+07 1.465263E+07 1.396065E+07 1.341167E+07 1.254932E+07 1.187705E+07 1.134261E+07 1.092208E+07 1.059469E+07 1.033944E+07 1.013646E+07 9.403711E+06 8.554634E+06 7.535675E+06 6.523247E+06 5.605384E+06 4.786042E+06 3.330717E+06 2.024933E+06 1.018139E+06 4.421336E+05 1.808750E+05 7.386371E+04 
3.268365E+07 2.234559E+07 1.822476E+07 1.501887E+07 1.465840E+07 1.369918E+07 1.222270E+07 1.120998E+07 1.051079E+07 9.992059E+06 9.574049E+06 8.894275E+06 8.334423E+06 7.862781E+06 7.468711E+06 7.142557E+06 6.872685E+06 6.646699E+06 5.829416E+06 5.094755E+06 4.353072E+06 3.679278E+06 3.105105E+06 2.619925E+06 1.820019E+06 1.145744E+06 6.218471E+05 3.022198E+05 1.413573E+05 6.630185E+04 
3.335893E+07 2.283320E+07 1.857371E+07 1.452754E+07 1.350930E+07 1.109383E+07 9.530493E+06 8.606385E+06 8.010448E+06 7.590839E+06 7.267973E+06 6.770977E+06 6.383387E+06 6.069433E+06 5.815595E+06 5.611760E+06 5.447719E+06 5.313452E+06 4.824104E+06 4.318144E+06 3.755354E+06 3.218238E+06 2.745316E+06 2.333896E+06 1.625513E+06 1.002740E+06 5.200697E+05 2.375665E+05 1.042651E+05 4.637238E+04 
2.857978E+07 1.932851E+07 1.571054E+07 1.213581E+07 1.102148E+07 8.359252E+06 7.002854E+06 6.263829E+06 5.808861E+06 5.500228E+06 5.269915E+06 4.926129E+06 4.664584E+06 4.456015E+06 4.289846E+06 4.158617E+06 4.054956E+06 3.971651E+06 3.669783E+06 3.329791E+06 2.929150E+06 2.534875E+06 2.179288E+06 1.862431E+06 1.298228E+06 7.894313E+05 3.966552E+05 1.723055E+05 7.072888E+04 2.911751E+04 
3.492866E+07 2.400360E+07 1.952365E+07 1.518134E+07 1.410391E+07 1.163481E+07 1.002181E+07 9.061812E+06 8.440648E+06 8.002586E+06 7.665503E+06 7.147791E+06 6.746264E+06 6.423352E+06 6.164455E+06 5.958509E+06 5.794443E+06 5.661496E+06 5.181774E+06 4.671050E+06 4.088279E+06 3.524032E+06 3.021849E+06 2.580496E+06 1.809085E+06 1.119858E+06 5.811540E+05 2.648798E+05 1.156963E+05 5.111355E+04 
2.502832E+07 1.682342E+07 1.378859E+07 1.188689E+07 1.164030E+07 1.045409E+07 9.149251E+06 8.316602E+06 7.759914E+06 7.355029E+06 7.032805E+06 6.512960E+06 6.085095E+06 5.722957E+06 5.418519E+06 5.165029E+06 4.954233E+06 4.777165E+06 4.142901E+06 3.596733E+06 3.060179E+06 2.578685E+06 2.170878E+06 1.827635E+06 1.265513E+06 7.971899E+05 4.353636E+05 2.135220E+05 1.006054E+05 4.732336E+04 
3.812438E+07 2.640163E+07 2.149001E+07 1.681131E+07 1.585572E+07 1.384586E+07 1.216257E+07 1.108900E+07 1.037017E+07 9.850449E+06 9.442674E+06 8.804353E+06 8.302042E+06 7.895070E+06 7.567072E+06 7.304823E+06 7.094714E+06 6.923445E+06 6.301614E+06 5.652134E+06 4.922524E+06 4.221244E+06 3.599914E+06 3.056587E+06 2.118481E+06 1.297022E+06 6.644611E+05 2.971272E+05 1.262278E+05 5.383986E+04 
3.973692E+07 2.766040E+07 2.251916E+07 1.740202E+07 1.626989E+07 1.395476E+07 1.220600E+07 1.111011E+07 1.038174E+07 9.858031E+06 9.449235E+06 8.813640E+06 8.317431E+06 7.918221E+06 7.598713E+06 7.345114E+06 7.143488E+06 6.980357E+06 6.392158E+06 5.763869E+06 5.045063E+06 4.347719E+06 3.725937E+06 3.178670E+06 2.221899E+06 1.369305E+06 7.053431E+05 3.174741E+05 1.361578E+05 5.882848E+04 
3.774292E+07 2.613095E+07 2.126189E+07 1.644795E+07 1.531810E+07 1.288019E+07 1.118199E+07 1.014564E+07 9.466224E+06 8.982676E+06 8.608259E+06 8.030767E+06 7.582833E+06 7.223861E+06 6.937516E+06 6.711071E+06 6.531793E+06 6.387397E+06 5.869461E+06 5.308803E+06 4.659868E+06 4.026270E+06 3.458585E+06 2.956491E+06 2.071935E+06 1.277643E+06 6.577735E+05 2.959582E+05 1.269918E+05 5.492109E+04 
5.034098E+07 3.609800E+07 2.949171E+07 2.186690E+07 1.990615E+07 1.644623E+07 1.435027E+07 1.307179E+07 1.223221E+07 1.163800E+07 1.118496E+07 1.051255E+07 1.002709E+07 9.671953E+06 9.419035E+06 9.245327E+06 9.129634E+06 9.053182E+06 8.808678E+06 8.251471E+06 7.298275E+06 6.146213E+06 4.977751E+06 3.905310E+06 2.233263E+06 1.194756E+06 6.173951E+05 3.154320E+05 1.617642E+05 8.403608E+04 
8.136581E+07 6.406677E+07 5.373444E+07 4.015132E+07 3.689843E+07 3.468589E+07 3.245773E+07 3.063081E+07 2.925482E+07 2.818395E+07 2.730413E+07 2.589363E+07 2.481109E+07 2.399896E+07 2.341676E+07 2.301689E+07 2.274979E+07 2.257043E+07 2.192850E+07 2.048289E+07 1.808661E+07 1.522737E+07 1.234537E+07 9.708272E+06 5.598500E+06 3.032170E+06 1.588447E+06 8.209974E+05 4.235329E+05 2.194037E+05 
5.439832E+07 3.947532E+07 3.236538E+07 2.455701E+07 2.310556E+07 2.158164E+07 1.966125E+07 1.825476E+07 1.725312E+07 1.649979E+07 1.589250E+07 1.492243E+07 1.415766E+07 1.355012E+07 1.307664E+07 1.271414E+07 1.243792E+07 1.222421E+07 1.148250E+07 1.051580E+07 9.165583E+06 7.654143E+06 6.186253E+06 4.877999E+06 2.889547E+06 1.663980E+06 9.612682E+05 5.642301E+05 3.357494E+05 2.008328E+05 
5.635553E+07 4.112650E+07 3.374473E+07 2.515915E+07 2.317154E+07 2.026737E+07 1.808895E+07 1.664619E+07 1.565898E+07 1.493810E+07 1.437328E+07 1.350665E+07 1.285712E+07 1.236534E+07 1.200109E+07 1.173780E+07 1.154987E+07 1.141406E+07 1.095009E+07 1.015615E+07 8.918669E+06 7.474850E+06 6.040940E+06 4.744178E+06 2.748116E+06 1.513661E+06 8.198324E+05 4.469611E+05 2.481279E+05 1.404402E+05 
5.413791E+07 3.925191E+07 3.215031E+07 2.385316E+07 2.180054E+07 1.846049E+07 1.627815E+07 1.489928E+07 1.397681E+07 1.331477E+07 1.280422E+07 1.203717E+07 1.147721E+07 1.106444E+07 1.076827E+07 1.056285E+07 1.042402E+07 1.033033E+07 1.002476E+07 9.373327E+06 8.280379E+06 6.968250E+06 5.642310E+06 4.428220E+06 2.538571E+06 1.364401E+06 7.092234E+05 3.644039E+05 1.875632E+05 9.743367E+04 
6.112067E+07 4.523778E+07 3.724847E+07 2.769021E+07 2.547149E+07 2.255530E+07 2.029490E+07 1.875582E+07 1.768818E+07 1.690163E+07 1.628189E+07 1.532826E+07 1.461608E+07 1.408273E+07 1.369452E+07 1.342062E+07 1.323121E+07 1.309944E+07 1.265943E+07 1.180822E+07 1.042205E+07 8.774994E+06 7.119802E+06 5.609292E+06 3.261664E+06 1.797227E+06 9.704055E+05 5.254928E+05 2.887870E+05 1.614222E+05 
4.482728E+07 3.165139E+07 2.582110E+07 1.990841E+07 1.878951E+07 1.696923E+07 1.515597E+07 1.393264E+07 1.309335E+07 1.247756E+07 1.198990E+07 1.122271E+07 1.062258E+07 1.014513E+07 9.770887E+06 9.482234E+06 9.260704E+06 9.088412E+06 8.499699E+06 7.769422E+06 6.764355E+06 5.644040E+06 4.558094E+06 3.591684E+06 2.126685E+06 1.227453E+06 7.125072E+05 4.201028E+05 2.502647E+05 1.492071E+05 
4.247762E+07 2.976774E+07 2.423826E+07 1.844744E+07 1.708357E+07 1.443398E+07 1.260615E+07 1.147764E+07 1.073447E+07 1.020611E+07 9.799591E+06 9.183280E+06 8.720493E+06 8.364453E+06 8.094114E+06 7.892465E+06 7.743128E+06 7.630940E+06 7.244846E+06 6.673996E+06 5.831264E+06 4.868818E+06 3.924796E+06 3.078405E+06 1.785894E+06 9.893209E+05 5.390084E+05 2.941371E+05 1.621973E+05 9.061937E+04 
4.504362E+07 3.181561E+07 2.592883E+07 1.948254E+07 1.787320E+07 1.483149E+07 1.290515E+07 1.173386E+07 1.096712E+07 1.042463E+07 1.000952E+07 9.385804E+06 8.923682E+06 8.573370E+06 8.311933E+06 8.120948E+06 7.983008E+06 7.882229E+06 7.541043E+06 6.984569E+06 6.128639E+06 5.135307E+06 4.151689E+06 3.263400E+06 1.895779E+06 1.047087E+06 5.671588E+05 3.076958E+05 1.691428E+05 9.457719E+04 
6.597669E+07 4.954823E+07 4.095968E+07 3.043311E+07 2.799756E+07 2.520704E+07 2.290411E+07 2.127422E+07 2.012269E+07 1.926375E+07 1.858074E+07 1.752104E+07 1.672647E+07 1.613299E+07 1.570422E+07 1.540518E+07 1.520153E+07 1.506244E+07 1.459871E+07 1.364393E+07 1.206314E+07 1.017209E+07 8.262674E+06 6.513469E+06 3.783739E+06 2.075486E+06 1.110519E+06 5.927560E+05 3.194632E+05 1.745048E+05 
2.863233E+07 1.936168E+07 1.572061E+07 1.196622E+07 1.075073E+07 7.950915E+06 6.618679E+06 5.908741E+06 5.477943E+06 5.189733E+06 4.977577E+06 4.666408E+06 4.434459E+06 4.253047E+06 4.111622E+06 4.002733E+06 3.919135E+06 3.853845E+06 3.619835E+06 3.325279E+06 2.956185E+06 2.581657E+06 2.235174E+06 1.918993E+06 1.345604E+06 8.336504E+05 4.391163E+05 2.056218E+05 9.350622E+04 4.392909E+04 
5.632202E+07 4.109728E+07 3.372610E+07 2.528782E+07 2.346416E+07 2.104561E+07 1.893368E+07 1.747747E+07 1.646142E+07 1.570724E+07 1.510657E+07 1.416255E+07 1.343095E+07 1.285595E+07 1.241037E+07 1.206966E+07 1.180912E+07 1.160570E+07 1.087462E+07 9.968110E+06 8.841856E+06 7.702600E+06 6.652540E+06 5.700121E+06 3.992253E+06 2.481242E+06 1.314195E+06 6.177518E+05 2.803044E+05 1.301382E+05 
3.586991E+07 2.472178E+07 2.014818E+07 1.628035E+07 1.577189E+07 1.470727E+07 1.315519E+07 1.208383E+07 1.134210E+07 1.079163E+07 1.034872E+07 9.631751E+06 9.046066E+06 8.557285E+06 8.153061E+06 7.822077E+06 7.551108E+06 7.326364E+06 6.518583E+06 5.766704E+06 4.983882E+06 4.258563E+06 3.629131E+06 3.087458E+06 2.179580E+06 1.416180E+06 8.166370E+05 4.324470E+05 2.252446E+05 1.202753E+05 
3.676302E+07 2.538595E+07 2.064950E+07 1.595952E+07 1.481323E+07 1.228742E+07 1.061606E+07 9.612330E+06 8.959656E+06 8.497980E+06 8.142267E+06 7.596413E+06 7.174784E+06 6.837678E+06 6.569188E+06 6.357098E+06 6.189288E+06 6.054102E+06 5.566058E+06 5.033512E+06 4.418445E+06 3.818527E+06 3.279747E+06 2.801934E+06 1.967558E+06 1.242290E+06 6.797401E+05 3.368640E+05 1.644306E+05 8.334517E+04 
3.213136E+07 2.191852E+07 1.780461E+07 1.362763E+07 1.239998E+07 9.585212E+06 8.092063E+06 7.260662E+06 6.742336E+06 6.387825E+06 6.122278E+06 5.726802E+06 5.429380E+06 5.196058E+06 5.013645E+06 4.872550E+06 4.763521E+06 4.677749E+06 4.370806E+06 4.000321E+06 3.545498E+06 3.088204E+06 2.668015E+06 2.287114E+06 1.602486E+06 9.950077E+05 5.262426E+05 2.473662E+05 1.126282E+05 5.273039E+04 
3.877140E+07 2.691665E+07 2.190060E+07 1.682442E+07 1.559978E+07 1.301439E+07 1.128218E+07 1.023232E+07 9.546439E+06 9.060020E+06 8.684953E+06 8.110399E+06 7.669080E+06 7.319039E+06 7.042942E+06 6.827267E+06 6.658703E+06 6.524577E+06 6.045821E+06 5.503712E+06 4.859811E+06 4.222476E+06 3.643981E+06 3.125883E+06 2.208469E+06 1.399113E+06 7.660865E+05 3.788687E+05 1.840662E+05 9.267919E+04 
2.769311E+07 1.871500E+07 1.529625E+07 1.287244E+07 1.251674E+07 1.122641E+07 9.847326E+06 8.963063E+06 8.370941E+06 7.940595E+06 7.598931E+06 7.050596E+06 6.602940E+06 6.227309E+06 5.914385E+06 5.656267E+06 5.443611E+06 5.266474E+06 4.635652E+06 4.075196E+06 3.508116E+06 2.989420E+06 2.542397E+06 2.159608E+06 1.522884E+06 9.928742E+05 5.773496E+05 3.087244E+05 1.618478E+05 8.652448E+04 
2.327567E+07 1.555706E+07 1.272043E+07 1.043073E+07 9.727282E+06 7.671651E+06 6.469935E+06 5.798713E+06 5.379750E+06 5.091398E+06 4.872652E+06 4.538051E+06 4.275623E+06 4.060504E+06 3.884328E+06 3.741087E+06 3.624469E+06 3.528056E+06 3.174954E+06 2.824611E+06 2.448287E+06 2.095298E+06 1.786557E+06 1.518608E+06 1.062600E+06 6.735323E+05 3.711617E+05 1.847541E+05 9.002432E+04 4.531517E+04 
2.705629E+07 1.823915E+07 1.484574E+07 1.164922E+07 1.065806E+07 8.173479E+06 6.858615E+06 6.136724E+06 5.690104E+06 5.385389E+06 5.156440E+06 4.811067E+06 4.544695E+06 4.329480E+06 4.155632E+06 4.016223E+06 3.904261E+06 3.812804E+06 3.478057E+06 3.125101E+06 2.729717E+06 2.350766E+06 2.014461E+06 1.718829E+06 1.206627E+06 7.625258E+05 4.169908E+05 2.057623E+05 9.963753E+04 5.005457E+04 
4.192081E+07 2.935503E+07 2.390707E+07 1.827493E+07 1.697614E+07 1.442722E+07 1.260837E+07 1.147675E+07 1.072728E+07 1.019068E+07 9.774152E+06 9.133014E+06 8.640203E+06 8.250602E+06 7.944897E+06 7.707580E+06 7.523353E+06 7.377736E+06 6.860818E+06 6.263735E+06 5.544367E+06 4.826763E+06 4.171453E+06 3.581239E+06 2.528784E+06 1.595788E+06 8.666392E+05 4.228856E+05 2.016948E+05 9.935753E+04 
3.396357E+07 2.326558E+07 1.888180E+07 1.420565E+07 1.279370E+07 9.689896E+06 8.138262E+06 7.285298E+06 6.755471E+06 6.392874E+06 6.120030E+06 5.708286E+06 5.390223E+06 5.131763E+06 4.920785E+06 4.749066E+06 4.608539E+06 4.491258E+06 4.039709E+06 3.544926E+06 2.964795E+06 2.379687E+06 1.852363E+06 1.410338E+06 7.814339E+05 4.136943E+05 2.109019E+05 1.049468E+05 5.204440E+04 2.625486E+04 
6.772365E+07 5.110296E+07 4.230090E+07 3.145029E+07 2.896609E+07 2.629915E+07 2.396760E+07 2.227671E+07 2.106247E+07 2.013928E+07 1.938705E+07 1.816731E+07 1.718297E+07 1.637600E+07 1.572023E+07 1.519077E+07 1.476069E+07 1.440348E+07 1.301860E+07 1.145625E+07 9.594799E+06 7.702310E+06 5.990187E+06 4.553683E+06 2.514290E+06 1.327905E+06 6.758075E+05 3.350429E+05 1.646200E+05 8.155440E+04 
4.533041E+07 3.203758E+07 2.614262E+07 2.024451E+07 1.923435E+07 1.777043E+07 1.598248E+07 1.472869E+07 1.385036E+07 1.319217E+07 1.265811E+07 1.178431E+07 1.106068E+07 1.044768E+07 9.931888E+06 9.501177E+06 9.140884E+06 8.835315E+06 7.685681E+06 6.588691E+06 5.413937E+06 4.285832E+06 3.302991E+06 2.501618E+06 1.398283E+06 7.723041E+05 4.263225E+05 2.366893E+05 1.327823E+05 7.544478E+04 
4.624792E+07 3.276458E+07 2.671896E+07 2.013390E+07 1.855976E+07 1.566161E+07 1.369051E+07 1.246174E+07 1.164318E+07 1.105207E+07 1.058808E+07 9.859376E+06 9.280546E+06 8.804325E+06 8.412484E+06 8.091152E+06 7.826175E+06 7.603554E+06 6.751242E+06 5.863725E+06 4.859173E+06 3.867224E+06 2.988159E+06 2.262512E+06 1.250186E+06 6.700089E+05 3.519967E+05 1.837951E+05 9.701975E+04 5.242461E+04 
3.881481E+07 2.693553E+07 2.189113E+07 1.648107E+07 1.498959E+07 1.184886E+07 1.010388E+07 9.099567E+06 8.458631E+06 8.010652E+06 7.668101E+06 7.144098E+06 6.736473E+06 6.404949E+06 6.134456E+06 5.914347E+06 5.734186E+06 5.583784E+06 5.006901E+06 4.383243E+06 3.657825E+06 2.929566E+06 2.275719E+06 1.729613E+06 9.563531E+05 5.064299E+05 2.586825E+05 1.289738E+05 6.394444E+04 3.211331E+04 
4.786431E+07 3.406605E+07 2.780217E+07 2.089530E+07 1.925163E+07 1.631980E+07 1.430516E+07 1.303940E+07 1.219285E+07 1.158012E+07 1.109866E+07 1.034289E+07 9.744261E+06 9.253894E+06 8.852493E+06 8.525159E+06 8.256746E+06 8.032374E+06 7.175664E+06 6.266334E+06 5.219386E+06 4.174094E+06 3.239869E+06 2.463109E+06 1.369915E+06 7.371638E+05 3.878358E+05 2.022429E+05 1.063410E+05 5.712378E+04 
3.407812E+07 2.336942E+07 1.903643E+07 1.530503E+07 1.464785E+07 1.305063E+07 1.148774E+07 1.047605E+07 9.793486E+06 9.294333E+06 8.895894E+06 8.251909E+06 7.720926E+06 7.270064E+06 6.889065E+06 6.569561E+06 6.301488E+06 6.073918E+06 5.230247E+06 4.459499E+06 3.654141E+06 2.889055E+06 2.226029E+06 1.687040E+06 9.468195E+05 5.275208E+05 2.950150E+05 1.660911E+05 9.417831E+04 5.380015E+04 
3.149887E+07 2.142935E+07 1.742407E+07 1.364080E+07 1.262780E+07 1.016060E+07 8.664527E+06 7.799458E+06 7.247136E+06 6.859900E+06 6.561650E+06 6.097968E+06 5.727909E+06 5.419035E+06 5.160523E+06 4.944911E+06 4.764373E+06 4.610840E+06 4.023594E+06 3.448163E+06 2.827670E+06 2.232085E+06 1.714026E+06 1.292090E+06 7.113465E+05 3.820805E+05 2.017301E+05 1.056564E+05 5.566806E+04 2.989273E+04 
3.424727E+07 2.348155E+07 1.907707E+07 1.458689E+07 1.332425E+07 1.046972E+07 8.882812E+06 7.980514E+06 7.408866E+06 7.010742E+06 6.706186E+06 6.237144E+06 5.866867E+06 5.560543E+06 5.306146E+06 5.095442E+06 4.920070E+06 4.771596E+06 4.201559E+06 3.624887E+06 2.988291E+06 2.369116E+06 1.825829E+06 1.380376E+06 7.623712E+05 4.090230E+05 2.149268E+05 1.119148E+05 5.873610E+04 3.153201E+04 
5.111466E+07 3.672069E+07 3.002436E+07 2.250722E+07 2.076308E+07 1.788680E+07 1.579948E+07 1.445397E+07 1.354228E+07 1.287641E+07 1.234977E+07 1.151865E+07 1.085891E+07 1.031917E+07 9.878628E+06 9.520627E+06 9.228103E+06 8.984331E+06 8.054325E+06 7.054465E+06 5.891296E+06 4.722333E+06 3.672318E+06 2.795588E+06 1.555655E+06 8.346269E+05 4.358749E+05 2.244433E+05 1.159467E+05 6.097162E+04 
2.395132E+07 1.606790E+07 1.305046E+07 9.782691E+06 8.595897E+06 5.936295E+06 4.840554E+06 4.292046E+06 3.973092E+06 3.767793E+06 3.621771E+06 3.415262E+06 3.266116E+06 3.152197E+06 3.065782E+06 3.001578E+06 2.954415E+06 2.919256E+06 2.789289E+06 2.567010E+06 2.236237E+06 1.872440E+06 1.532913E+06 1.239449E+06 7.881079E+05 4.765538E+05 2.690929E+05 1.428345E+05 7.370165E+04 3.848548E+04 
3.913368E+07 2.719587E+07 2.217292E+07 1.783586E+07 1.740744E+07 1.695165E+07 1.544175E+07 1.431049E+07 1.350453E+07 1.290057E+07 1.241673E+07 1.165228E+07 1.105772E+07 1.059023E+07 1.022876E+07 9.953711E+06 9.744977E+06 9.583564E+06 9.006275E+06 8.219967E+06 7.134066E+06 5.963370E+06 4.877444E+06 3.941147E+06 2.504835E+06 1.515828E+06 8.565292E+05 4.535706E+05 2.319557E+05 1.188833E+05 
2.655884E+07 1.795826E+07 1.473155E+07 1.296942E+07 1.306454E+07 1.278498E+07 1.149935E+07 1.057780E+07 9.932728E+06 9.450607E+06 9.060599E+06 8.426079E+06 7.906237E+06 7.472423E+06 7.114288E+06 6.821918E+06 6.583516E+06 6.386708E+06 5.682947E+06 4.991842E+06 4.206472E+06 3.436937E+06 2.766373E+06 2.215939E+06 1.418387E+06 8.968241E+05 5.501006E+05 3.264958E+05 1.907113E+05 1.121136E+05 
2.731004E+07 1.847712E+07 1.509767E+07 1.246330E+07 1.188707E+07 1.013252E+07 8.762359E+06 7.932692E+06 7.393706E+06 7.013210E+06 6.720678E+06 6.273307E+06 5.929707E+06 5.657064E+06 5.442082E+06 5.274401E+06 5.143703E+06 5.040065E+06 4.668290E+06 4.212379E+06 3.617987E+06 2.997076E+06 2.434778E+06 1.959774E+06 1.248237E+06 7.682400E+05 4.492348E+05 2.511543E+05 1.382851E+05 7.744625E+04 
2.547625E+07 1.715629E+07 1.397640E+07 1.093290E+07 9.931781E+06 7.448667E+06 6.210267E+06 5.545945E+06 5.141991E+06 4.871620E+06 4.672896E+06 4.383076E+06 4.169509E+06 4.004802E+06 3.878496E+06 3.783115E+06 3.711488E+06 3.656788E+06 3.459074E+06 3.164713E+06 2.745897E+06 2.292355E+06 1.872538E+06 1.511785E+06 9.604636E+05 5.817891E+05 3.295747E+05 1.754337E+05 9.054523E+04 4.707604E+04 
2.840863E+07 1.925920E+07 1.572411E+07 1.290769E+07 1.231110E+07 1.055994E+07 9.158238E+06 8.302299E+06 7.744218E+06 7.349614E+06 7.046231E+06 6.583303E+06 6.229678E+06 5.951091E+06 5.733323E+06 5.565196E+06 5.435664E+06 5.334190E+06 4.974190E+06 4.514983E+06 3.899598E+06 3.247294E+06 2.650431E+06 2.141884E+06 1.372076E+06 8.468726E+05 4.952778E+05 2.761863E+05 1.513063E+05 8.416192E+04 
2.299189E+07 1.545347E+07 1.271040E+07 1.114870E+07 1.094949E+07 9.786424E+06 8.537782E+06 7.749489E+06 7.225655E+06 6.846741E+06 6.546920E+06 6.067411E+06 5.677374E+06 5.351217E+06 5.080538E+06 4.858232E+06 4.675958E+06 4.524872E+06 3.987931E+06 3.480603E+06 2.918186E+06 2.374182E+06 1.904341E+06 1.521553E+06 9.724875E+05 6.177643E+05 3.828638E+05 2.300300E+05 1.356622E+05 8.013710E+04 
2.311269E+07 1.547002E+07 1.271968E+07 1.127782E+07 1.116806E+07 1.018824E+07 8.948984E+06 8.150328E+06 7.617323E+06 7.233505E+06 6.933428E+06 6.465687E+06 6.099547E+06 5.804681E+06 5.568887E+06 5.382246E+06 5.234509E+06 5.115624E+06 4.687683E+06 4.197992E+06 3.585474E+06 2.957301E+06 2.394160E+06 1.921643E+06 1.218778E+06 7.473546E+05 4.341331E+05 2.393443E+05 1.287356E+05 6.990006E+04 
2.747517E+07 1.859238E+07 1.518828E+07 1.251264E+07 1.192330E+07 1.014952E+07 8.774455E+06 7.942511E+06 7.402191E+06 7.020861E+06 6.727821E+06 6.280077E+06 5.936647E+06 5.664506E+06 5.450230E+06 5.283370E+06 5.153550E+06 5.050811E+06 4.683347E+06 4.231215E+06 3.639756E+06 3.020436E+06 2.458234E+06 1.982045E+06 1.265628E+06 7.790917E+05 4.536179E+05 2.508592E+05 1.357273E+05 7.438893E+04 
3.021413E+07 2.055913E+07 1.677508E+07 1.375419E+07 1.320711E+07 1.164812E+07 1.020069E+07 9.285654E+06 8.679164E+06 8.245506E+06 7.909448E+06 7.393420E+06 6.998230E+06 6.687325E+06 6.445042E+06 6.258712E+06 6.115774E+06 6.004288E+06 5.610664E+06 5.102914E+06 4.416424E+06 3.684587E+06 3.011723E+06 2.435899E+06 1.559528E+06 9.586684E+05 5.559895E+05 3.059069E+05 1.645464E+05 8.955249E+04 
5.101530E+07 3.678784E+07 3.009417E+07 2.210678E+07 1.988914E+07 1.585572E+07 1.368103E+07 1.240462E+07 1.158221E+07 1.100848E+07 1.057647E+07 9.944163E+06 9.492357E+06 9.161846E+06 8.924480E+06 8.758788E+06 8.645567E+06 8.567819E+06 8.287675E+06 7.624630E+06 6.480684E+06 5.159327E+06 3.936716E+06 2.923675E+06 1.513085E+06 7.239411E+05 3.341687E+05 1.590324E+05 8.160814E+04 4.592459E+04 
8.167377E+07 6.422262E+07 5.383777E+07 4.043406E+07 3.763624E+07 3.772594E+07 3.629492E+07 3.473423E+07 3.346190E+07 3.242785E+07 3.155030E+07 3.009042E+07 2.892336E+07 2.801360E+07 2.733260E+07 2.683909E+07 2.648573E+07 2.622701E+07 2.519017E+07 2.303965E+07 1.953090E+07 1.554211E+07 1.186994E+07 8.831874E+06 4.599523E+06 2.220566E+06 1.034516E+06 4.950864E+05 2.535290E+05 1.408291E+05 
5.553187E+07 4.053641E+07 3.329656E+07 2.539222E+07 2.406583E+07 2.321895E+07 2.143415E+07 2.003140E+07 1.900706E+07 1.822462E+07 1.758608E+07 1.655106E+07 1.572079E+07 1.504944E+07 1.451569E+07 1.409757E+07 1.377052E+07 1.351010E+07 1.254582E+07 1.123039E+07 9.370250E+06 7.374410E+06 5.601273E+06 4.172673E+06 2.232108E+06 1.150639E+06 5.960543E+05 3.274343E+05 1.955262E+05 1.265983E+05 
5.790408E+07 4.253045E+07 3.496777E+07 2.625395E+07 2.440911E+07 2.220291E+07 2.012154E+07 1.865312E+07 1.762216E+07 1.685653E+07 1.624840E+07 1.529963E+07 1.457338E+07 1.401047E+07 1.358137E+07 1.325981E+07 1.301976E+07 1.283693E+07 1.215500E+07 1.101781E+07 9.269446E+06 7.331918E+06 5.578896E+06 4.147622E+06 2.177112E+06 1.074134E+06 5.200670E+05 2.639085E+05 1.461924E+05 8.916587E+04 
5.452601E+07 3.968227E+07 3.254057E+07 2.412874E+07 2.200800E+07 1.852272E+07 1.630432E+07 1.491443E+07 1.398882E+07 1.332701E+07 1.281835E+07 1.205641E+07 1.149920E+07 1.108410E+07 1.078039E+07 1.056345E+07 1.041062E+07 1.030159E+07 9.904718E+06 9.076909E+06 7.696382E+06 6.118654E+06 4.666312E+06 3.466667E+06 1.799770E+06 8.662738E+05 4.028292E+05 1.929860E+05 9.938583E+04 5.584107E+04 
6.078259E+07 4.499204E+07 3.705956E+07 2.775477E+07 2.577842E+07 2.362637E+07 2.152247E+07 2.000713E+07 1.893365E+07 1.813238E+07 1.749427E+07 1.649855E+07 1.573973E+07 1.515673E+07 1.471787E+07 1.439435E+07 1.415758E+07 1.398110E+07 1.332694E+07 1.214531E+07 1.026713E+07 8.155157E+06 6.226609E+06 4.641121E+06 2.442757E+06 1.205070E+06 5.819530E+05 2.938273E+05 1.615883E+05 9.769384E+04 
4.731356E+07 3.382354E+07 2.766790E+07 2.113194E+07 1.977111E+07 1.756816E+07 1.564525E+07 1.436966E+07 1.349964E+07 1.286359E+07 1.236122E+07 1.157251E+07 1.095469E+07 1.045991E+07 1.006770E+07 9.760529E+06 9.520228E+06 9.329094E+06 8.633943E+06 7.713663E+06 6.422649E+06 5.042493E+06 3.820225E+06 2.839025E+06 1.515229E+06 7.847635E+05 4.115372E+05 2.294743E+05 1.386555E+05 9.032241E+04 
4.283904E+07 3.008252E+07 2.451979E+07 1.890543E+07 1.776588E+07 1.571447E+07 1.393319E+07 1.277155E+07 1.198812E+07 1.142200E+07 1.098076E+07 1.030167E+07 9.782134E+06 9.373811E+06 9.055404E+06 8.809933E+06 8.620795E+06 8.472243E+06 7.920908E+06 7.116792E+06 5.946457E+06 4.678179E+06 3.545840E+06 2.630380E+06 1.382520E+06 6.875209E+05 3.361112E+05 1.714165E+05 9.465278E+04 5.714236E+04 
4.815867E+07 3.449444E+07 2.820236E+07 2.108073E+07 1.926497E+07 1.596826E+07 1.392238E+07 1.267462E+07 1.185542E+07 1.127429E+07 1.082856E+07 1.015664E+07 9.655474E+06 9.271081E+06 8.978980E+06 8.760122E+06 8.596667E+06 8.472222E+06 8.013085E+06 7.257309E+06 6.099997E+06 4.821832E+06 3.668676E+06 2.729041E+06 1.436499E+06 7.112719E+05 3.449325E+05 1.745272E+05 9.595102E+04 5.796757E+04 
6.490297E+07 4.859261E+07 4.014388E+07 3.003578E+07 2.792455E+07 2.610215E+07 2.403436E+07 2.246524E+07 2.132944E+07 2.046999E+07 1.977878E+07 1.869053E+07 1.785708E+07 1.721755E+07 1.673873E+07 1.638870E+07 1.613523E+07 1.594841E+07 1.525279E+07 1.393462E+07 1.180510E+07 9.392879E+06 7.179269E+06 5.352721E+06 2.811980E+06 1.379890E+06 6.601081E+05 3.284755E+05 1.771444E+05 1.046560E+05 
