2.692319E+07 1.813393E+07 1.472966E+07 1.124157E+07 1.007547E+07 7.360548E+06 6.100439E+06 5.437284E+06 5.037907E+06 4.772077E+06 4.576855E+06 4.290022E+06 4.074486E+06 3.904008E+06 3.769378E+06 3.664211E+06 3.582188E+06 3.517100E+06 3.280854E+06 2.995873E+06 2.646878E+06 2.296789E+06 1.976724E+06 1.688328E+06 1.169881E+06 7.035465E+05 3.486653E+05 1.494210E+05 6.069862E+04 2.486555E+04 
5.248343E+07 3.786867E+07 3.100003E+07 2.335942E+07 2.172515E+07 1.934516E+07 1.730449E+07 1.592490E+07 1.497161E+07 1.426815E+07 1.370966E+07 1.283218E+07 1.214867E+07 1.160619E+07 1.118026E+07 1.084951E+07 1.059232E+07 1.038829E+07 9.651605E+06 8.788218E+06 7.745421E+06 6.705825E+06 5.761082E+06 4.916290E+06 3.414715E+06 2.070491E+06 1.038063E+06 4.495609E+05 1.834766E+05 7.477879E+04 
3.407378E+07 2.337657E+07 1.905767E+07 1.556285E+07 1.513737E+07 1.412860E+07 1.261821E+07 1.157970E+07 1.086187E+07 1.032919E+07 9.900146E+06 9.203530E+06 8.631424E+06 8.150987E+06 7.750920E+06 7.420930E+06 7.148766E+06 6.921475E+06 6.099328E+06 5.348296E+06 4.579638E+06 3.875329E+06 3.271194E+06 2.757898E+06 1.907712E+06 1.192640E+06 6.421511E+05 3.097969E+05 1.440721E+05 6.730993E+04 
3.472610E+07 2.385208E+07 1.940051E+07 1.509604E+07 1.402584E+07 1.156179E+07 9.954154E+06 8.997999E+06 8.379347E+06 7.942896E+06 7.606821E+06 7.089906E+06 6.687991E+06 6.363773E+06 6.102852E+06 5.894357E+06 5.727384E+06 5.591309E+06 5.095661E+06 4.572671E+06 3.982529E+06 3.414661E+06 2.911633E+06 2.472012E+06 1.713271E+06 1.049642E+06 5.403056E+05 2.450350E+05 1.068760E+05 4.730227E+04 
3.011880E+07 2.044387E+07 1.661068E+07 1.277596E+07 1.161172E+07 8.878252E+06 7.461776E+06 6.682817E+06 6.200616E+06 5.872290E+06 5.626818E+06 5.260567E+06 4.983039E+06 4.762983E+06 4.588771E+06 4.452106E+06 4.344874E+06 4.259227E+06 3.949162E+06 3.590548E+06 3.161071E+06 2.734807E+06 2.348163E+06 2.002397E+06 1.386915E+06 8.367298E+05 4.169962E+05 1.797579E+05 7.329241E+04 3.000267E+04 
3.624407E+07 2.499314E+07 2.032903E+07 1.573605E+07 1.460786E+07 1.209438E+07 1.043949E+07 9.448632E+06 8.805397E+06 8.350863E+06 8.000802E+06 7.463430E+06 7.047725E+06 6.714650E+06 6.448743E+06 6.238187E+06 6.071221E+06 5.936484E+06 5.450510E+06 4.922978E+06 4.313235E+06 3.718663E+06 3.186785E+06 2.717597E+06 1.896399E+06 1.166650E+06 6.014018E+05 2.723737E+05 1.183211E+05 5.204823E+04 
2.671144E+07 1.801436E+07 1.473674E+07 1.250470E+07 1.218832E+07 1.093286E+07 9.580546E+06 8.715264E+06 8.136195E+06 7.715161E+06 7.380501E+06 6.842074E+06 6.400783E+06 6.028909E+06 5.717671E+06 5.459663E+06 5.245999E+06 5.067138E+06 4.426075E+06 3.861417E+06 3.295592E+06 2.781493E+06 2.341996E+06 1.969263E+06 1.354944E+06 8.447393E+05 4.558345E+05 2.211167E+05 1.033075E+05 4.831717E+04 
4.067710E+07 2.836595E+07 2.309845E+07 1.790200E+07 1.683358E+07 1.474829E+07 1.299689E+07 1.186922E+07 1.111041E+07 1.056023E+07 1.012809E+07 9.452367E+06 8.922919E+06 8.496644E+06 8.155625E+06 7.885155E+06 7.670230E+06 7.496328E+06 6.865895E+06 6.185035E+06 5.402186E+06 4.639841E+06 3.957883E+06 3.356956E+06 2.313448E+06 1.403439E+06 7.112745E+05 3.146796E+05 1.324185E+05 5.603911E+04 
4.090625E+07 2.856529E+07 2.326192E+07 1.791116E+07 1.672904E+07 1.438083E+07 1.259945E+07 1.147764E+07 1.073010E+07 1.019178E+07 9.771278E+06 9.117685E+06 8.608373E+06 8.199779E+06 7.873860E+06 7.616119E+06 7.411959E+06 7.247325E+06 6.653817E+06 6.009682E+06 5.265024E+06 4.538441E+06 3.887906E+06 3.313589E+06 2.308172E+06 1.415717E+06 7.254995E+05 3.249566E+05 1.387820E+05 5.976107E+04 
3.897068E+07 2.707003E+07 2.203004E+07 1.697617E+07 1.579645E+07 1.332124E+07 1.158636E+07 1.052187E+07 9.821944E+06 9.322907E+06 8.936172E+06 8.339862E+06 7.878282E+06 7.509530E+06 7.216467E+06 6.985636E+06 6.803630E+06 6.657574E+06 6.133808E+06 5.556853E+06 4.881606E+06 4.218353E+06 3.621574E+06 3.092161E+06 2.158584E+06 1.324211E+06 6.779761E+05 3.034472E+05 1.296131E+05 5.585012E+04 
5.276041E+07 3.809977E+07 3.117479E+07 2.308296E+07 2.102499E+07 1.753632E+07 1.537323E+07 1.403397E+07 1.314700E+07 1.251529E+07 1.203137E+07 1.131020E+07 1.078850E+07 1.040709E+07 1.013596E+07 9.950140E+06 9.826566E+06 9.744877E+06 9.478765E+06 8.869812E+06 7.833140E+06 6.583777E+06 5.319655E+06 4.162343E+06 2.365653E+06 1.257158E+06 6.453012E+05 3.275901E+05 1.670174E+05 8.631400E+04 
8.243637E+07 6.512901E+07 5.468600E+07 4.089323E+07 3.757219E+07 3.539214E+07 3.317745E+07 3.134172E+07 2.995296E+07 2.886906E+07 2.797664E+07 2.654302E+07 2.544148E+07 2.461547E+07 2.402426E+07 2.361925E+07 2.334959E+07 2.316910E+07 2.251727E+07 2.102977E+07 1.856252E+07 1.561944E+07 1.265417E+07 9.942384E+06 5.721178E+06 3.090966E+06 1.615165E+06 8.328213E+05 4.287223E+05 2.216894E+05 
5.658895E+07 4.132939E+07 3.393341E+07 2.565454E+07 2.408241E+07 2.252567E+07 2.057167E+07 1.912612E+07 1.809149E+07 1.731088E+07 1.668041E+07 1.567258E+07 1.487916E+07 1.425094E+07 1.376350E+07 1.339220E+07 1.311072E+07 1.289388E+07 1.213690E+07 1.112224E+07 9.691647E+06 8.085450E+06 6.523837E+06 5.132099E+06 3.020618E+06 1.725845E+06 9.890518E+05 5.764833E+05 3.411899E+05 2.033122E+05 
5.844236E+07 4.291304E+07 3.526311E+07 2.625166E+07 2.416385E+07 2.124792E+07 1.902903E+07 1.754153E+07 1.651722E+07 1.576595E+07 1.517549E+07 1.426738E+07 1.358653E+07 1.307206E+07 1.269233E+07 1.241904E+07 1.222489E+07 1.208518E+07 1.160368E+07 1.076097E+07 9.443030E+06 7.904699E+06 6.377413E+06 4.997501E+06 2.878868E+06 1.575389E+06 8.475010E+05 4.590783E+05 2.534228E+05 1.427862E+05 
5.634239E+07 4.111561E+07 3.372825E+07 2.499487E+07 2.284628E+07 1.949117E+07 1.725657E+07 1.582559E+07 1.486119E+07 1.416534E+07 1.362661E+07 1.281447E+07 1.222070E+07 1.178340E+07 1.147034E+07 1.125380E+07 1.110786E+07 1.100953E+07 1.068407E+07 9.982325E+06 8.807660E+06 7.400062E+06 5.980089E+06 4.682430E+06 2.669778E+06 1.426362E+06 7.369829E+05 3.765216E+05 1.928103E+05 9.971428E+04 
6.297179E+07 4.686659E+07 3.864609E+07 2.870898E+07 2.639678E+07 2.348190E+07 2.119315E+07 1.961673E+07 1.851675E+07 1.770309E+07 1.706009E+07 1.606822E+07 1.532681E+07 1.477225E+07 1.436962E+07 1.408649E+07 1.389142E+07 1.375613E+07 1.329945E+07 1.240050E+07 1.093570E+07 9.196399E+06 7.450067E+06 5.858320E+06 3.390667E+06 1.858369E+06 9.979193E+05 5.375847E+05 2.940840E+05 1.637704E+05 
4.759204E+07 3.386683E+07 2.765991E+07 2.116885E+07 1.991616E+07 1.803487E+07 1.616001E+07 1.488077E+07 1.399781E+07 1.334751E+07 1.283146E+07 1.201942E+07 1.138592E+07 1.088436E+07 1.049355E+07 1.019408E+07 9.965725E+06 9.789088E+06 9.181525E+06 8.399859E+06 7.309944E+06 6.090157E+06 4.906283E+06 3.853029E+06 2.260785E+06 1.290447E+06 7.406721E+05 4.324674E+05 2.557238E+05 1.516749E+05 
4.851047E+07 3.458333E+07 2.823408E+07 2.124268E+07 1.962234E+07 1.684578E+07 1.485417E+07 1.358624E+07 1.273681E+07 1.212565E+07 1.165180E+07 1.093046E+07 1.039055E+07 9.979203E+06 9.671086E+06 9.444919E+06 9.280312E+06 9.158659E+06 8.735128E+06 8.058333E+06 7.036118E+06 5.860229E+06 4.703741E+06 3.667070E+06 2.092078E+06 1.134966E+06 6.047434E+05 3.230787E+05 1.748732E+05 9.622090E+04 
4.779412E+07 3.402333E+07 2.776534E+07 2.078407E+07 1.906394E+07 1.596915E+07 1.396335E+07 1.272479E+07 1.190688E+07 1.132454E+07 1.087699E+07 1.020263E+07 9.703186E+06 9.325901E+06 9.045776E+06 8.842364E+06 8.696367E+06 8.590283E+06 8.227639E+06 7.618565E+06 6.676917E+06 5.583379E+06 4.501221E+06 3.525615E+06 2.030177E+06 1.110132E+06 5.952576E+05 3.199363E+05 1.744613E+05 9.691724E+04 
6.761023E+07 5.102666E+07 4.224089E+07 3.137937E+07 2.885596E+07 2.607665E+07 2.375736E+07 2.209785E+07 2.091910E+07 2.003664E+07 1.933303E+07 1.823881E+07 1.741750E+07 1.680456E+07 1.636266E+07 1.605535E+07 1.584676E+07 1.570470E+07 1.522569E+07 1.422444E+07 1.256688E+07 1.058573E+07 8.587246E+06 6.758551E+06 3.911102E+06 2.136045E+06 1.137850E+06 6.047921E+05 3.247376E+05 1.768370E+05 
3.039051E+07 2.063796E+07 1.675284E+07 1.271343E+07 1.144376E+07 8.558329E+06 7.153398E+06 6.395579E+06 5.932188E+06 5.620396E+06 5.390070E+06 5.051947E+06 4.800773E+06 4.605473E+06 4.454223E+06 4.338570E+06 4.250395E+06 4.181966E+06 3.936598E+06 3.619440E+06 3.216921E+06 2.805950E+06 2.424316E+06 2.075506E+06 1.444771E+06 8.875368E+05 4.634682E+05 2.152521E+05 9.716795E+04 4.536194E+04 
5.721100E+07 4.185544E+07 3.436932E+07 2.574533E+07 2.387602E+07 2.144823E+07 1.932049E+07 1.784665E+07 1.681592E+07 1.604969E+07 1.543886E+07 1.447839E+07 1.373437E+07 1.315041E+07 1.269877E+07 1.235423E+07 1.209141E+07 1.188666E+07 1.114995E+07 1.022634E+07 9.072986E+06 7.903426E+06 6.823601E+06 5.843078E+06 4.084596E+06 2.532386E+06 1.337771E+06 6.272771E+05 2.840116E+05 1.316245E+05 
3.734105E+07 2.583464E+07 2.105331E+07 1.687722E+07 1.629850E+07 1.518555E+07 1.359863E+07 1.249957E+07 1.173737E+07 1.117131E+07 1.071592E+07 9.979682E+06 9.379852E+06 8.880864E+06 8.469626E+06 8.134084E+06 7.860298E+06 7.633844E+06 6.819316E+06 6.048148E+06 5.234834E+06 4.475516E+06 3.812846E+06 3.240003E+06 2.276733E+06 1.469223E+06 8.408264E+05 4.422290E+05 2.291461E+05 1.219354E+05 
3.820236E+07 2.648124E+07 2.154425E+07 1.657749E+07 1.537483E+07 1.280426E+07 1.108806E+07 1.005040E+07 9.373139E+06 8.892936E+06 8.522511E+06 7.954196E+06 7.516254E+06 7.167390E+06 6.890736E+06 6.673211E+06 6.501903E+06 6.364468E+06 5.868150E+06 5.315654E+06 4.669758E+06 4.035657E+06 3.463542E+06 2.954513E+06 2.064724E+06 1.295313E+06 7.038339E+05 3.464919E+05 1.681688E+05 8.486453E+04 
3.374368E+07 2.311295E+07 1.877438E+07 1.431539E+07 1.303385E+07 1.015442E+07 8.600796E+06 7.727395E+06 7.179751E+06 6.803668E+06 6.521288E+06 6.100545E+06 5.784970E+06 5.538543E+06 5.346920E+06 5.199557E+06 5.086354E+06 4.997777E+06 4.680673E+06 4.288725E+06 3.801655E+06 3.308976E+06 2.854510E+06 2.441678E+06 1.700689E+06 1.048503E+06 5.504811E+05 2.569812E+05 1.162978E+05 5.417230E+04 
4.014184E+07 2.797193E+07 2.276596E+07 1.742372E+07 1.614431E+07 1.351946E+07 1.174568E+07 1.066357E+07 9.954048E+06 9.449674E+06 9.060266E+06 8.463697E+06 8.006330E+06 7.644715E+06 7.360586E+06 7.139571E+06 6.967572E+06 6.831236E+06 6.344294E+06 5.782500E+06 5.108229E+06 4.437232E+06 3.825908E+06 3.277055E+06 2.304970E+06 1.451929E+06 7.901671E+05 3.885234E+05 1.878236E+05 9.420619E+04 
2.949304E+07 2.001098E+07 1.633388E+07 1.355287E+07 1.312135E+07 1.176157E+07 1.033233E+07 9.412395E+06 8.795310E+06 8.346662E+06 7.990737E+06 7.420880E+06 6.957586E+06 6.570589E+06 6.249695E+06 5.986230E+06 5.770108E+06 5.590723E+06 4.951164E+06 4.369254E+06 3.769261E+06 3.214307E+06 2.732134E+06 2.316614E+06 1.622260E+06 1.046820E+06 6.018114E+05 3.185558E+05 1.657390E+05 8.816224E+04 
2.746321E+07 1.851364E+07 1.508150E+07 1.205457E+07 1.120624E+07 8.955652E+06 7.604413E+06 6.835074E+06 6.349890E+06 6.014090E+06 5.759039E+06 5.370786E+06 5.070094E+06 4.827361E+06 4.631788E+06 4.475424E+06 4.350196E+06 4.248139E+06 3.874825E+06 3.478032E+06 3.030407E+06 2.598648E+06 2.213261E+06 1.873565E+06 1.289816E+06 7.982040E+05 4.280743E+05 2.075486E+05 9.885665E+04 4.887438E+04 
2.888517E+07 1.955292E+07 1.590239E+07 1.239367E+07 1.134238E+07 8.773146E+06 7.388488E+06 6.620370E+06 6.142317E+06 5.814925E+06 5.568539E+06 5.197313E+06 4.912480E+06 4.683924E+06 4.500661E+06 4.354818E+06 4.238553E+06 4.144195E+06 3.798805E+06 3.423260E+06 2.994031E+06 2.578045E+06 2.205958E+06 1.877093E+06 1.306562E+06 8.166216E+05 4.413764E+05 2.154236E+05 1.033505E+05 5.154435E+04 
4.318986E+07 3.035039E+07 2.472802E+07 1.884382E+07 1.749147E+07 1.491051E+07 1.305599E+07 1.189530E+07 1.112408E+07 1.057072E+07 1.014068E+07 9.478608E+06 8.970437E+06 8.569753E+06 8.256387E+06 8.014012E+06 7.826563E+06 7.678896E+06 7.154261E+06 6.538026E+06 5.788994E+06 5.038462E+06 4.351000E+06 3.730623E+06 2.624407E+06 1.648278E+06 8.906376E+05 4.325249E+05 2.054438E+05 1.008732E+05 
3.572833E+07 2.458822E+07 1.996059E+07 1.498100E+07 1.351104E+07 1.033397E+07 8.712573E+06 7.811190E+06 7.247425E+06 6.859659E+06 6.566957E+06 6.124754E+06 5.783920E+06 5.508080E+06 5.283921E+06 5.102267E+06 4.954192E+06 4.830995E+06 4.356307E+06 3.828588E+06 3.204123E+06 2.571388E+06 1.999689E+06 1.519908E+06 8.376495E+05 4.403202E+05 2.227194E+05 1.099585E+05 5.412852E+04 2.712662E+04 
6.848380E+07 5.179611E+07 4.290306E+07 3.189518E+07 2.936793E+07 2.670301E+07 2.436404E+07 2.265958E+07 2.143278E+07 2.049863E+07 1.973668E+07 1.850022E+07 1.750227E+07 1.668463E+07 1.602086E+07 1.548554E+07 1.505118E+07 1.469070E+07 1.329160E+07 1.170425E+07 9.806859E+06 7.874458E+06 6.124199E+06 4.654553E+06 2.567144E+06 1.353388E+06 6.872983E+05 3.399902E+05 1.667087E+05 8.244155E+04 
4.666890E+07 3.310835E+07 2.703047E+07 2.084705E+07 1.976811E+07 1.826769E+07 1.645056E+07 1.517076E+07 1.427217E+07 1.359792E+07 1.305053E+07 1.215521E+07 1.141481E+07 1.078884E+07 1.026329E+07 9.825370E+06 9.459736E+06 9.150069E+06 7.983410E+06 6.858002E+06 5.642897E+06 4.470427E+06 3.445643E+06 2.608204E+06 1.453356E+06 7.985387E+05 4.380584E+05 2.417471E+05 1.349558E+05 7.640901E+04 
4.755665E+07 3.381755E+07 2.759510E+07 2.074933E+07 1.911868E+07 1.619132E+07 1.418347E+07 1.292358E+07 1.208128E+07 1.147159E+07 1.099234E+07 1.023930E+07 9.641750E+06 9.151152E+06 8.748488E+06 8.419127E+06 8.148169E+06 7.920943E+06 7.050162E+06 6.133607E+06 5.088401E+06 4.051935E+06 3.130855E+06 2.369112E+06 1.305259E+06 6.962326E+05 3.636987E+05 1.887981E+05 9.913070E+04 5.333083E+04 
4.038302E+07 2.814432E+07 2.288429E+07 1.718596E+07 1.563768E+07 1.244582E+07 1.064537E+07 9.599816E+06 8.929060E+06 8.458507E+06 8.097869E+06 7.545713E+06 7.116821E+06 6.769034E+06 6.486242E+06 6.256918E+06 6.069805E+06 5.913990E+06 5.315813E+06 4.660848E+06 3.892677E+06 3.118149E+06 2.420970E+06 1.837851E+06 1.012063E+06 5.328831E+05 2.704499E+05 1.339761E+05 6.603023E+04 3.298838E+04 
4.912221E+07 3.508765E+07 2.865489E+07 2.149618E+07 1.979726E+07 1.683975E+07 1.479089E+07 1.349539E+07 1.262593E+07 1.199516E+07 1.149880E+07 1.071916E+07 1.010211E+07 9.597565E+06 9.185487E+06 8.850230E+06 8.575909E+06 8.346984E+06 7.471956E+06 6.533870E+06 5.446708E+06 4.357378E+06 3.381567E+06 2.569051E+06 1.424747E+06 7.633229E+05 3.995311E+05 2.072511E+05 1.084559E+05 5.803089E+04 
3.583820E+07 2.468739E+07 2.010545E+07 1.601660E+07 1.528111E+07 1.362168E+07 1.201057E+07 1.096248E+07 1.025354E+07 9.734450E+06 9.320028E+06 8.651002E+06 8.100875E+06 7.635227E+06 7.242985E+06 6.915041E+06 6.640601E+06 6.408067E+06 5.544109E+06 4.741798E+06 3.892841E+06 3.080507E+06 2.373275E+06 1.796589E+06 1.003019E+06 5.541375E+05 3.068627E+05 1.711732E+05 9.635077E+04 5.475686E+04 
3.543765E+07 2.435385E+07 1.979506E+07 1.527743E+07 1.411688E+07 1.149741E+07 9.867046E+06 8.906688E+06 8.287114E+06 7.849886E+06 7.512117E+06 6.987609E+06 6.571908E+06 6.228199E+06 5.943391E+06 5.708145E+06 5.512884E+06 5.347969E+06 4.715917E+06 4.072276E+06 3.357158E+06 2.658486E+06 2.043482E+06 1.538435E+06 8.391020E+05 4.432417E+05 2.291783E+05 1.174461E+05 6.065219E+04 3.202595E+04 
3.600007E+07 2.479669E+07 2.014820E+07 1.534039E+07 1.401546E+07 1.109413E+07 9.443739E+06 8.496317E+06 7.892756E+06 7.470849E+06 7.147460E+06 6.649408E+06 6.257359E+06 5.934404E+06 5.667420E+06 5.447271E+06 5.264767E+06 5.110735E+06 4.518746E+06 3.909627E+06 3.228757E+06 2.561788E+06 1.973880E+06 1.490432E+06 8.187451E+05 4.356769E+05 2.267490E+05 1.169407E+05 6.084380E+04 3.242991E+04 
5.227582E+07 3.768163E+07 3.083146E+07 2.307826E+07 2.128039E+07 1.838448E+07 1.626854E+07 1.489650E+07 1.396389E+07 1.328129E+07 1.274070E+07 1.188698E+07 1.120965E+07 1.065634E+07 1.020558E+07 9.840007E+06 9.541851E+06 9.293739E+06 8.346104E+06 7.318175E+06 6.115614E+06 4.903421E+06 3.812501E+06 2.900533E+06 1.610107E+06 8.606642E+05 4.475376E+05 2.294427E+05 1.180564E+05 6.187309E+04 
2.544651E+07 1.713128E+07 1.390698E+07 1.039554E+07 9.149103E+06 6.375061E+06 5.214197E+06 4.627395E+06 4.283787E+06 4.061392E+06 3.902668E+06 3.678146E+06 3.516869E+06 3.394726E+06 3.302970E+06 3.235533E+06 3.186589E+06 3.150555E+06 3.017414E+06 2.780068E+06 2.422072E+06 2.026397E+06 1.656225E+06 1.335967E+06 8.440277E+05 5.064258E+05 2.836332E+05 1.493541E+05 7.649503E+04 3.967962E+04 
4.016141E+07 2.799494E+07 2.282802E+07 1.825962E+07 1.776775E+07 1.725173E+07 1.571703E+07 1.456816E+07 1.374943E+07 1.313581E+07 1.264426E+07 1.186812E+07 1.126536E+07 1.079242E+07 1.042771E+07 1.015104E+07 9.941745E+06 9.780396E+06 9.203021E+06 8.405910E+06 7.298645E+06 6.101897E+06 4.990100E+06 4.030543E+06 2.557802E+06 1.544608E+06 8.707300E+05 4.600133E+05 2.347462E+05 1.200885E+05 
2.795758E+07 1.896533E+07 1.553606E+07 1.347161E+07 1.349031E+07 1.312839E+07 1.180685E+07 1.086215E+07 1.020140E+07 9.708059E+06 9.309481E+06 8.662392E+06 8.133857E+06 7.694197E+06 7.332459E+06 7.038166E+06 6.798991E+06 6.602100E+06 5.897738E+06 5.193987E+06 4.384062E+06 3.585060E+06 2.885719E+06 2.309824E+06 1.473192E+06 9.262644E+05 5.645187E+05 3.330285E+05 1.935667E+05 1.133783E+05 
2.868281E+07 1.947074E+07 1.589447E+07 1.298084E+07 1.233747E+07 1.050183E+07 9.088892E+06 8.231857E+06 7.674422E+06 7.280716E+06 6.978109E+06 6.516042E+06 6.162334E+06 5.882855E+06 5.663551E+06 5.493409E+06 5.361527E+06 5.257485E+06 4.884215E+06 4.415248E+06 3.796051E+06 3.145506E+06 2.554322E+06 2.053786E+06 1.303096E+06 7.976963E+05 4.636367E+05 2.576474E+05 1.410917E+05 7.866431E+04 
2.691458E+07 1.818692E+07 1.480397E+07 1.149912E+07 1.043661E+07 7.857743E+06 6.564323E+06 5.866411E+06 5.440394E+06 5.154501E+06 4.944109E+06 4.637538E+06 4.412581E+06 4.240150E+06 4.108870E+06 4.010533E+06 3.937341E+06 3.881938E+06 3.681714E+06 3.373173E+06 2.928226E+06 2.443821E+06 1.994157E+06 1.607185E+06 1.015922E+06 6.114882E+05 3.440593E+05 1.819401E+05 9.333812E+04 4.827221E+04 
2.974465E+07 2.023282E+07 1.650649E+07 1.341612E+07 1.275325E+07 1.092381E+07 9.480894E+06 8.598327E+06 8.022176E+06 7.614560E+06 7.301212E+06 6.823697E+06 6.460021E+06 6.174641E+06 5.952586E+06 5.782025E+06 5.651324E+06 5.549453E+06 5.187978E+06 4.715919E+06 4.076109E+06 3.394584E+06 2.769188E+06 2.235378E+06 1.426742E+06 8.762780E+05 5.096785E+05 2.826885E+05 1.541201E+05 8.538358E+04 
2.452374E+07 1.653220E+07 1.356765E+07 1.169554E+07 1.142167E+07 1.016628E+07 8.871907E+06 8.055362E+06 7.513028E+06 7.121205E+06 6.811727E+06 6.318326E+06 5.918769E+06 5.586157E+06 5.311399E+06 5.086799E+06 4.903467E+06 4.752079E+06 4.213665E+06 3.692162E+06 3.103085E+06 2.527561E+06 2.027289E+06 1.617830E+06 1.028277E+06 6.475689E+05 3.973979E+05 2.365927E+05 1.385222E+05 8.139972E+04 
2.616493E+07 1.762286E+07 1.442899E+07 1.235991E+07 1.210493E+07 1.096606E+07 9.642743E+06 8.789090E+06 8.218792E+06 7.808232E+06 7.487745E+06 6.990161E+06 6.603411E+06 6.294577E+06 6.049978E+06 5.858391E+06 5.708374E+06 5.588850E+06 5.158807E+06 4.642262E+06 3.977383E+06 3.285932E+06 2.660565E+06 2.132587E+06 1.343610E+06 8.153113E+05 4.677881E+05 2.546877E+05 1.354227E+05 7.281258E+04 
2.884265E+07 1.958320E+07 1.598313E+07 1.302944E+07 1.237322E+07 1.051864E+07 9.100849E+06 8.241555E+06 7.682788E+06 7.288243E+06 6.985121E+06 6.522665E+06 6.169118E+06 5.890133E+06 5.671530E+06 5.502204E+06 5.371194E+06 5.268046E+06 4.899059E+06 4.433868E+06 3.817633E+06 3.168721E+06 2.577675E+06 2.075991E+06 1.320471E+06 8.085547E+05 4.680314E+05 2.573604E+05 1.385367E+05 7.560593E+04 
3.149206E+07 2.150072E+07 1.753405E+07 1.424510E+07 1.363187E+07 1.199909E+07 1.051404E+07 9.574239E+06 8.950730E+06 8.504700E+06 8.159098E+06 7.629000E+06 7.224084E+06 6.906622E+06 6.660234E+06 6.471609E+06 6.327607E+06 6.215803E+06 5.820953E+06 5.300776E+06 4.590501E+06 3.830102E+06 3.129255E+06 2.528580E+06 1.613871E+06 9.879643E+05 5.703609E+05 3.124027E+05 1.673574E+05 9.077065E+04 
5.440216E+07 3.964833E+07 3.251801E+07 2.388757E+07 2.152609E+07 1.741374E+07 1.512966E+07 1.376181E+07 1.286980E+07 1.224155E+07 1.176477E+07 1.106141E+07 1.055612E+07 1.018617E+07 9.920868E+06 9.736090E+06 9.610059E+06 9.523526E+06 9.207703E+06 8.459474E+06 7.174546E+06 5.694614E+06 4.328854E+06 3.200794E+06 1.639934E+06 7.763015E+05 3.546284E+05 1.671497E+05 8.503719E+04 4.749743E+04 
8.321274E+07 6.577919E+07 5.523996E+07 4.152205E+07 3.860054E+07 3.866196E+07 3.724276E+07 3.567298E+07 3.438717E+07 3.333894E+07 3.244713E+07 3.095965E+07 2.976877E+07 2.884109E+07 2.814829E+07 2.764799E+07 2.729130E+07 2.703118E+07 2.598112E+07 2.376629E+07 2.014240E+07 1.602020E+07 1.222490E+07 9.085937E+06 4.718451E+06 2.270578E+06 1.054371E+06 5.030783E+05 2.569507E+05 1.424183E+05 
5.857127E+07 4.316865E+07 3.554000E+07 2.696656E+07 2.544612E+07 2.449829E+07 2.266432E+07 2.121060E+07 2.014389E+07 1.932643E+07 1.865789E+07 1.757302E+07 1.670390E+07 1.600383E+07 1.545029E+07 1.501936E+07 1.468444E+07 1.441917E+07 1.343116E+07 1.203865E+07 1.004502E+07 7.896911E+06 5.985242E+06 4.444718E+06 2.357132E+06 1.202449E+06 6.164407E+05 3.356455E+05 1.990996E+05 1.283230E+05 
6.077438E+07 4.505062E+07 3.712714E+07 2.780269E+07 2.578842E+07 2.351237E+07 2.137804E+07 1.985411E+07 1.877719E+07 1.797366E+07 1.733317E+07 1.633085E+07 1.556300E+07 1.496926E+07 1.451871E+07 1.418305E+07 1.393406E+07 1.374550E+07 1.303728E+07 1.182236E+07 9.940973E+06 7.852023E+06 5.961268E+06 4.418673E+06 2.301799E+06 1.125815E+06 5.403570E+05 2.720179E+05 1.496625E+05 9.079278E+04 
5.764160E+07 4.236600E+07 3.482732E+07 2.579047E+07 2.351652E+07 1.996649E+07 1.766671E+07 1.620220E+07 1.521777E+07 1.450889E+07 1.396092E+07 1.313551E+07 1.252986E+07 1.207892E+07 1.174997E+07 1.151598E+07 1.135190E+07 1.123530E+07 1.080640E+07 9.896630E+06 8.378916E+06 6.646185E+06 5.053465E+06 3.740715E+06 1.925566E+06 9.183203E+05 4.232099E+05 2.010902E+05 1.028177E+05 5.741931E+04 
6.345808E+07 4.738039E+07 3.911781E+07 2.924376E+07 2.710461E+07 2.489293E+07 2.274523E+07 2.118008E+07 2.006435E+07 1.922776E+07 1.855915E+07 1.751244E+07 1.671367E+07 1.610100E+07 1.564153E+07 1.530450E+07 1.505923E+07 1.487732E+07 1.419759E+07 1.293948E+07 1.093047E+07 8.669501E+06 6.605242E+06 4.909892E+06 2.566730E+06 1.256583E+06 6.022216E+05 3.019430E+05 1.650648E+05 9.932360E+04 
5.100613E+07 3.687537E+07 3.022944E+07 2.291993E+07 2.136507E+07 1.904729E+07 1.703340E+07 1.567948E+07 1.474907E+07 1.406543E+07 1.352376E+07 1.267223E+07 1.200680E+07 1.147695E+07 1.106015E+07 1.073651E+07 1.048551E+07 1.028733E+07 9.561713E+06 8.557487E+06 7.124287E+06 5.583473E+06 4.216103E+06 3.118413E+06 1.642765E+06 8.373214E+05 4.321207E+05 2.377312E+05 1.422353E+05 9.204255E+04 
5.109589E+07 3.678305E+07 3.010620E+07 2.276366E+07 2.120527E+07 1.890400E+07 1.691987E+07 1.558581E+07 1.467025E+07 1.400049E+07 1.347415E+07 1.266016E+07 1.203941E+07 1.155714E+07 1.118731E+07 1.090781E+07 1.069694E+07 1.053446E+07 9.924155E+06 8.947030E+06 7.476920E+06 5.865797E+06 4.420920E+06 3.252394E+06 1.670592E+06 8.078447E+05 3.837122E+05 1.905649E+05 1.028775E+05 6.099558E+04 
5.177827E+07 3.750135E+07 3.073345E+07 2.289259E+07 2.090868E+07 1.751171E+07 1.535947E+07 1.402312E+07 1.313659E+07 1.250280E+07 1.201387E+07 1.127344E+07 1.072069E+07 1.029831E+07 9.979416E+06 9.742411E+06 9.566947E+06 9.434421E+06 8.941958E+06 8.101187E+06 6.801341E+06 5.362446E+06 4.064217E+06 3.008153E+06 1.563879E+06 7.637318E+05 3.654204E+05 1.826780E+05 9.942206E+04 5.958546E+04 
6.731725E+07 5.079991E+07 4.206194E+07 3.143863E+07 2.917138E+07 2.729855E+07 2.520073E+07 2.359104E+07 2.241922E+07 2.152889E+07 2.081050E+07 1.967593E+07 1.880568E+07 1.813875E+07 1.764100E+07 1.727872E+07 1.701771E+07 1.682619E+07 1.610707E+07 1.471467E+07 1.245750E+07 9.899557E+06 7.552916E+06 5.618421E+06 2.934936E+06 1.431120E+06 6.803070E+05 3.365720E+05 1.806108E+05 1.062757E+05 