6.957294E+01 3.860531E+01 2.786859E+01 2.264366E+01 1.965677E+01 1.776917E+01 1.649146E+01 1.558447E+01 1.491951E+01 1.442144E+01 8.967048E+00 7.377727E+00 6.577209E+00 3.322048E+00 2.883910E+00 2.648487E+00 2.504897E+00 2.420725E+00 2.382864E+00 2.245142E+00 1.923208E+00 1.494139E+00 1.203666E+00 1.023599E+00 9.008732E-01 8.026655E-01 7.256471E-01 6.727262E-01 1.065528E+00 
2.107269E+02 1.231384E+02 8.907907E+01 7.121894E+01 6.040968E+01 5.328620E+01 4.831567E+01 4.470133E+01 4.199139E+01 3.991266E+01 2.492032E+01 1.984644E+01 1.780033E+01 1.075062E+01 9.322187E+00 8.532620E+00 8.047358E+00 7.751243E+00 7.597896E+00 7.160469E+00 6.164458E+00 4.842884E+00 3.929231E+00 3.353296E+00 2.938881E+00 2.605780E+00 2.346800E+00 2.174644E+00 1.103690E+00 
1.539289E+02 8.883655E+01 6.404453E+01 5.120228E+01 4.347202E+01 3.837256E+01 3.479150E+01 3.216092E+01 3.016382E+01 2.861183E+01 1.770070E+01 1.375594E+01 1.201146E+01 6.992455E+00 6.005781E+00 5.455787E+00 5.111985E+00 4.899515E+00 4.780892E+00 4.521766E+00 3.936923E+00 3.184074E+00 2.644922E+00 2.272451E+00 1.982538E+00 1.747016E+00 1.559962E+00 1.433892E+00 9.209943E-01 
1.178433E+02 6.661305E+01 4.787451E+01 3.840238E+01 3.282236E+01 2.921493E+01 2.672937E+01 2.493773E+01 2.360324E+01 2.258628E+01 1.403260E+01 1.128892E+01 1.003527E+01 5.506144E+00 4.755658E+00 4.344427E+00 4.093630E+00 3.941839E+00 3.864485E+00 3.645160E+00 3.145421E+00 2.484775E+00 2.029907E+00 1.739293E+00 1.527487E+00 1.357184E+00 1.223640E+00 1.134965E+00 1.032086E+00 
8.635552E+01 4.820040E+01 3.469022E+01 2.801236E+01 2.414965E+01 2.168850E+01 2.001273E+01 1.881711E+01 1.793590E+01 1.727209E+01 1.074577E+01 8.786334E+00 7.842880E+00 4.084178E+00 3.537681E+00 3.241907E+00 3.061058E+00 2.953220E+00 2.901958E+00 2.733361E+00 2.344265E+00 1.827306E+00 1.475514E+00 1.256088E+00 1.103567E+00 9.814925E-01 8.859890E-01 8.211362E-01 1.034557E+00 
1.238333E+02 7.016477E+01 5.045095E+01 4.046053E+01 3.456665E+01 3.075487E+01 2.812974E+01 2.623913E+01 2.483248E+01 2.376181E+01 1.479828E+01 1.193127E+01 1.064404E+01 5.893477E+00 5.100029E+00 4.667670E+00 4.403782E+00 4.245420E+00 4.168556E+00 3.935864E+00 3.396569E+00 2.683848E+00 2.192203E+00 1.878088E+00 1.651100E+00 1.468430E+00 1.324824E+00 1.228973E+00 1.025208E+00 
1.151985E+02 6.546661E+01 4.707812E+01 3.769859E+01 3.210009E+01 2.842259E+01 2.584515E+01 2.395615E+01 2.252131E+01 2.140343E+01 1.319438E+01 1.025672E+01 8.886459E+00 4.986453E+00 4.284733E+00 3.899646E+00 3.666979E+00 3.527531E+00 3.464357E+00 3.297046E+00 2.890246E+00 2.360309E+00 1.973385E+00 1.697246E+00 1.472336E+00 1.289660E+00 1.137598E+00 1.034462E+00 1.115804E+00 
1.567722E+02 9.010630E+01 6.491841E+01 5.193490E+01 4.417261E+01 3.910098E+01 3.557969E+01 3.302435E+01 3.110988E+01 2.964265E+01 1.843289E+01 1.469986E+01 1.310255E+01 7.504488E+00 6.475062E+00 5.908961E+00 5.556686E+00 5.340388E+00 5.227002E+00 4.923459E+00 4.238613E+00 3.343072E+00 2.721666E+00 2.321172E+00 2.030818E+00 1.797725E+00 1.614744E+00 1.491078E+00 1.179487E+00 
1.512847E+02 8.664341E+01 6.237831E+01 4.991630E+01 4.248862E+01 3.764782E+01 3.429558E+01 3.186997E+01 3.005753E+01 2.867160E+01 1.784623E+01 1.429075E+01 1.275676E+01 7.276931E+00 6.290104E+00 5.747776E+00 5.414756E+00 5.211978E+00 5.107893E+00 4.816194E+00 4.150484E+00 3.270978E+00 2.662842E+00 2.275242E+00 1.994249E+00 1.768359E+00 1.592040E+00 1.474540E+00 1.005004E+00 
1.382971E+02 7.880325E+01 5.670161E+01 4.542242E+01 3.873364E+01 3.439238E+01 3.139587E+01 2.923395E+01 2.762310E+01 2.639511E+01 1.645330E+01 1.324034E+01 1.183504E+01 6.668091E+00 5.772512E+00 5.283462E+00 4.984308E+00 4.804188E+00 4.715886E+00 4.451412E+00 3.838417E+00 3.028338E+00 2.468507E+00 2.111107E+00 1.853406E+00 1.646141E+00 1.483544E+00 1.374576E+00 7.865971E-01 
1.841576E+02 1.064229E+02 7.691162E+01 6.164275E+01 5.251135E+01 4.656845E+01 4.247801E+01 3.954807E+01 3.738735E+01 3.576018E+01 2.265481E+01 1.858681E+01 1.702172E+01 1.012657E+01 8.859397E+00 8.176705E+00 7.763635E+00 7.518910E+00 7.410929E+00 6.998052E+00 6.012276E+00 4.686948E+00 3.777062E+00 3.217045E+00 2.828249E+00 2.515280E+00 2.270301E+00 2.106395E+00 9.471410E-01 
4.123023E+02 2.551709E+02 1.886070E+02 1.519577E+02 1.289660E+02 1.133696E+02 1.022264E+02 9.396583E+01 8.767404E+01 8.278344E+01 5.247033E+01 4.100397E+01 3.686962E+01 2.562560E+01 2.258684E+01 2.091574E+01 1.990642E+01 1.931286E+01 1.903620E+01 1.803632E+01 1.562361E+01 1.230738E+01 9.982188E+00 8.536091E+00 7.503401E+00 6.665451E+00 6.017309E+00 5.595024E+00 9.863695E-01 
2.536991E+02 1.509358E+02 1.098787E+02 8.804214E+01 7.468795E+01 6.581164E+01 5.957307E+01 5.500780E+01 5.156445E+01 4.890813E+01 3.079126E+01 2.432583E+01 2.180384E+01 1.379836E+01 1.203408E+01 1.106734E+01 1.048161E+01 1.013744E+01 9.971852E+00 9.456426E+00 8.215871E+00 6.546280E+00 5.371786E+00 4.615742E+00 4.054800E+00 3.598911E+00 3.243355E+00 3.011600E+00 8.233546E-01 
2.314563E+02 1.360107E+02 9.868563E+01 7.903968E+01 6.712354E+01 5.926641E+01 5.379117E+01 4.982415E+01 4.686469E+01 4.460897E+01 2.818339E+01 2.270892E+01 2.062652E+01 1.282177E+01 1.121887E+01 1.034787E+01 9.826817E+00 9.521504E+00 9.380983E+00 8.875194E+00 7.667649E+00 6.028670E+00 4.895545E+00 4.193229E+00 3.690554E+00 3.284213E+00 2.968300E+00 2.763634E+00 9.222898E-01 
2.081848E+02 1.212971E+02 8.782966E+01 7.036235E+01 5.984054E+01 5.294807E+01 4.817592E+01 4.473904E+01 4.219135E+01 4.026268E+01 2.548594E+01 2.075769E+01 1.897108E+01 1.155484E+01 1.011477E+01 9.336148E+00 8.865408E+00 8.586588E+00 8.461944E+00 7.994451E+00 6.877728E+00 5.372423E+00 4.336045E+00 3.697158E+00 3.250112E+00 2.889863E+00 2.608758E+00 2.422165E+00 9.266387E-01 
2.588679E+02 1.534231E+02 1.116413E+02 8.947957E+01 7.595790E+01 6.699857E+01 6.073011E+01 5.617259E+01 5.276310E+01 5.015827E+01 3.174547E+01 2.549461E+01 2.318104E+01 1.475355E+01 1.294187E+01 1.196074E+01 1.137157E+01 1.102683E+01 1.087666E+01 1.030002E+01 8.901813E+00 7.005099E+00 5.689246E+00 4.871104E+00 4.289082E+00 3.818332E+00 3.451344E+00 3.211922E+00 9.102970E-01 
1.970772E+02 1.150134E+02 8.324816E+01 6.664983E+01 5.662959E+01 5.004003E+01 4.544993E+01 4.211896E+01 3.961499E+01 3.768646E+01 2.368246E+01 1.887830E+01 1.691631E+01 1.021124E+01 8.886648E+00 8.169922E+00 7.741592E+00 7.492663E+00 7.389954E+00 7.023007E+00 6.109962E+00 4.882136E+00 4.014897E+00 3.447637E+00 3.018514E+00 2.670318E+00 2.390259E+00 2.205680E+00 9.913626E-01 
1.789177E+02 1.034608E+02 7.473891E+01 5.986588E+01 5.095860E+01 4.514979E+01 4.113587E+01 3.824252E+01 3.609354E+01 3.446321E+01 2.170863E+01 1.760701E+01 1.596988E+01 9.416477E+00 8.200317E+00 7.541406E+00 7.137503E+00 6.897465E+00 6.782010E+00 6.402241E+00 5.514111E+00 4.321618E+00 3.505489E+00 2.993316E+00 2.627698E+00 2.333915E+00 2.105949E+00 1.954078E+00 9.754413E-01 
1.670966E+02 9.608845E+01 6.933521E+01 5.556325E+01 4.735643E+01 4.202584E+01 3.835812E+01 3.572780E+01 3.378336E+01 3.231436E+01 2.038311E+01 1.664158E+01 1.513531E+01 8.831758E+00 7.714052E+00 7.103070E+00 6.736384E+00 6.521234E+00 6.421001E+00 6.066891E+00 5.228413E+00 4.090157E+00 3.309531E+00 2.830210E+00 2.489070E+00 2.213922E+00 2.001711E+00 1.864257E+00 8.382823E-01 
2.916555E+02 1.745891E+02 1.274688E+02 1.022517E+02 8.676095E+01 7.643744E+01 6.917752E+01 6.387373E+01 5.988884E+01 5.683210E+01 3.598562E+01 2.872377E+01 2.607709E+01 1.698900E+01 1.492507E+01 1.380394E+01 1.313002E+01 1.273541E+01 1.256253E+01 1.190053E+01 1.028916E+01 8.098106E+00 6.573816E+00 5.624789E+00 4.949806E+00 4.403693E+00 3.978424E+00 3.699772E+00 7.013750E-01 
8.230902E+01 4.587198E+01 3.305213E+01 2.675040E+01 2.312734E+01 2.083381E+01 1.928253E+01 1.818309E+01 1.737826E+01 1.677625E+01 1.048365E+01 8.653662E+00 7.766412E+00 3.999336E+00 3.469410E+00 3.183476E+00 3.008852E+00 2.904811E+00 2.855545E+00 2.687760E+00 2.300915E+00 1.784918E+00 1.435313E+00 1.219951E+00 1.071657E+00 9.527878E-01 8.598919E-01 7.968277E-01 8.429888E-01 
2.361913E+02 1.391245E+02 1.008996E+02 8.070686E+01 6.841951E+01 6.028876E+01 5.459886E+01 5.045352E+01 4.734183E+01 4.495320E+01 2.814007E+01 2.238755E+01 2.012957E+01 1.241838E+01 1.078651E+01 9.881919E+00 9.324854E+00 8.983614E+00 8.804072E+00 8.294048E+00 7.137692E+00 5.598336E+00 4.533519E+00 3.866207E+00 3.385953E+00 2.998759E+00 2.698481E+00 2.500048E+00 8.744236E-01 
1.661321E+02 9.624349E+01 6.945741E+01 5.553917E+01 4.715158E+01 4.162095E+01 3.774302E+01 3.490006E+01 3.274615E+01 3.107532E+01 1.928757E+01 1.506460E+01 1.322881E+01 7.765308E+00 6.681831E+00 6.078935E+00 5.703468E+00 5.472266E+00 5.344234E+00 5.053348E+00 4.394447E+00 3.539671E+00 2.930669E+00 2.516656E+00 2.196957E+00 1.937075E+00 1.731525E+00 1.593991E+00 7.304820E-01 
1.318769E+02 7.492769E+01 5.388856E+01 4.318911E+01 3.686269E+01 3.276667E+01 2.994521E+01 2.791395E+01 2.640326E+01 2.525365E+01 1.574787E+01 1.270836E+01 1.135963E+01 6.332124E+00 5.475360E+00 5.005662E+00 4.719434E+00 4.545844E+00 4.456504E+00 4.201712E+00 3.622650E+00 2.854189E+00 2.325515E+00 1.990875E+00 1.747335E+00 1.551175E+00 1.397846E+00 1.296754E+00 8.177643E-01 
1.002736E+02 5.625468E+01 4.046453E+01 3.259216E+01 2.801450E+01 2.509198E+01 2.310263E+01 2.168507E+01 2.064171E+01 1.985663E+01 1.240713E+01 1.017400E+01 9.137615E+00 4.851579E+00 4.202985E+00 3.850926E+00 3.635508E+00 3.505782E+00 3.442075E+00 3.239731E+00 2.776957E+00 2.161034E+00 1.741738E+00 1.481967E+00 1.300276E+00 1.154550E+00 1.040911E+00 9.644907E-01 8.191065E-01 
1.400367E+02 7.980890E+01 5.743759E+01 4.602292E+01 3.925876E+01 3.487455E+01 3.185423E+01 2.968069E+01 2.806541E+01 2.683732E+01 1.677316E+01 1.355735E+01 1.215978E+01 6.855353E+00 5.939098E+00 5.439061E+00 5.133980E+00 4.950187E+00 4.859457E+00 4.585607E+00 3.953828E+00 3.115504E+00 2.537775E+00 2.172132E+00 1.908062E+00 1.695189E+00 1.528476E+00 1.418047E+00 8.114798E-01 
1.244571E+02 7.093872E+01 5.104176E+01 4.087080E+01 3.480141E+01 3.082257E+01 2.804148E+01 2.600827E+01 2.446586E+01 2.326627E+01 1.439101E+01 1.125529E+01 9.812517E+00 5.529491E+00 4.756063E+00 4.331834E+00 4.076392E+00 3.923799E+00 3.853679E+00 3.664780E+00 3.206902E+00 2.605939E+00 2.170378E+00 1.865523E+00 1.619889E+00 1.420330E+00 1.255343E+00 1.144416E+00 8.822778E-01 
8.887984E+01 4.976634E+01 3.579583E+01 2.884079E+01 2.478310E+01 2.217425E+01 2.038037E+01 1.908682E+01 1.812411E+01 1.739301E+01 1.077430E+01 8.684777E+00 7.686505E+00 4.019162E+00 3.458396E+00 3.151626E+00 2.959448E+00 2.841485E+00 2.777893E+00 2.611504E+00 2.243071E+00 1.759648E+00 1.427673E+00 1.214881E+00 1.061428E+00 9.384700E-01 8.449489E-01 7.797120E-01 8.463871E-01 
8.570009E+01 4.782705E+01 3.440199E+01 2.775638E+01 2.390191E+01 2.143654E+01 1.975026E+01 1.854137E+01 1.764614E+01 1.696850E+01 1.052185E+01 8.546945E+00 7.584397E+00 3.938566E+00 3.398072E+00 3.101676E+00 2.919628E+00 2.808520E+00 2.749817E+00 2.585645E+00 2.219584E+00 1.732934E+00 1.401579E+00 1.195778E+00 1.047162E+00 9.281041E-01 8.357417E-01 7.744540E-01 7.415812E-01 
1.566078E+02 8.981077E+01 6.470475E+01 5.180167E+01 4.411297E+01 3.910901E+01 3.565178E+01 3.315806E+01 3.130137E+01 2.988712E+01 1.869179E+01 1.506860E+01 1.353518E+01 7.775254E+00 6.739556E+00 6.172864E+00 5.826187E+00 5.616620E+00 5.512064E+00 5.200100E+00 4.480597E+00 3.525977E+00 2.866887E+00 2.449932E+00 2.149369E+00 1.907141E+00 1.717821E+00 1.591928E+00 6.232042E-01 
1.012059E+02 5.664845E+01 4.069923E+01 3.275402E+01 2.813678E+01 2.518999E+01 2.318372E+01 2.175219E+01 2.069503E+01 1.989528E+01 1.230403E+01 1.000395E+01 8.889632E+00 4.766846E+00 4.121393E+00 3.760429E+00 3.533142E+00 3.389499E+00 3.308428E+00 3.090592E+00 2.627977E+00 2.026652E+00 1.621257E+00 1.371349E+00 1.196370E+00 1.057272E+00 9.494727E-01 8.759056E-01 1.064306E+00 
2.998121E+02 1.793855E+02 1.307073E+02 1.045892E+02 8.850249E+01 7.774654E+01 7.015070E+01 6.457108E+01 6.034941E+01 5.708339E+01 3.555976E+01 2.783058E+01 2.474993E+01 1.595030E+01 1.385080E+01 1.264982E+01 1.188623E+01 1.139636E+01 1.110556E+01 1.039199E+01 8.885789E+00 6.925744E+00 5.575719E+00 4.728469E+00 4.115835E+00 3.625794E+00 3.247843E+00 2.994613E+00 1.102853E+00 
2.015747E+02 1.178111E+02 8.518962E+01 6.807998E+01 5.770697E+01 5.084391E+01 4.602483E+01 4.249027E+01 3.981097E+01 3.773015E+01 2.334180E+01 1.814436E+01 1.588830E+01 9.670362E+00 8.341961E+00 7.589045E+00 7.113533E+00 6.814119E+00 6.639448E+00 6.246778E+00 5.398424E+00 4.310402E+00 3.544733E+00 3.032918E+00 2.641942E+00 2.326604E+00 2.079375E+00 1.913223E+00 9.198374E-01 
1.702372E+02 9.776888E+01 7.038862E+01 5.625959E+01 4.780981E+01 4.229216E+01 3.846798E+01 3.570096E+01 3.363211E+01 3.204790E+01 1.985718E+01 1.581885E+01 1.403764E+01 8.219553E+00 7.105923E+00 6.476396E+00 6.081074E+00 5.830028E+00 5.684186E+00 5.321737E+00 4.555221E+00 3.561955E+00 2.882633E+00 2.453752E+00 2.141114E+00 1.891198E+00 1.697196E+00 1.567612E+00 1.031125E+00 
1.252984E+02 7.075972E+01 5.082673E+01 4.075308E+01 3.483060E+01 3.101750E+01 2.840487E+01 2.653173E+01 2.514280E+01 2.408786E+01 1.491425E+01 1.205084E+01 1.072311E+01 5.949260E+00 5.142521E+00 4.689404E+00 4.403793E+00 4.222498E+00 4.118723E+00 3.848620E+00 3.277122E+00 2.535232E+00 2.032740E+00 1.721248E+00 1.500469E+00 1.324778E+00 1.188844E+00 1.096752E+00 1.033582E+00 
1.778426E+02 1.024115E+02 7.378780E+01 5.897874E+01 5.010560E+01 4.430431E+01 4.028107E+01 3.736942E+01 3.519286E+01 3.352686E+01 2.081082E+01 1.659199E+01 1.475787E+01 8.711496E+00 7.541780E+00 6.882545E+00 6.468430E+00 6.206479E+00 6.057511E+00 5.675937E+00 4.859931E+00 3.801630E+00 3.076799E+00 2.619216E+00 2.287091E+00 2.021458E+00 1.815032E+00 1.676773E+00 1.024179E+00 
1.450790E+02 8.311209E+01 5.981857E+01 4.783702E+01 4.066405E+01 3.595840E+01 3.267126E+01 3.026848E+01 2.844679E+01 2.702875E+01 1.664509E+01 1.297580E+01 1.128399E+01 6.556147E+00 5.653493E+00 5.150581E+00 4.840529E+00 4.650280E+00 4.556890E+00 4.312438E+00 3.750980E+00 3.022813E+00 2.504028E+00 2.147850E+00 1.864200E+00 1.635060E+00 1.448025E+00 1.322552E+00 1.114464E+00 
1.165079E+02 6.575111E+01 4.723072E+01 3.787887E+01 3.237246E+01 2.881495E+01 2.636279E+01 2.459083E+01 2.326681E+01 2.225463E+01 1.370358E+01 1.094010E+01 9.638873E+00 5.308817E+00 4.571475E+00 4.156154E+00 3.898524E+00 3.729983E+00 3.630242E+00 3.392333E+00 2.896103E+00 2.258148E+00 1.822781E+00 1.545759E+00 1.344657E+00 1.184594E+00 1.060355E+00 9.758437E-01 1.072320E+00 
1.107209E+02 6.222347E+01 4.467181E+01 3.585654E+01 3.069172E+01 2.738035E+01 2.509811E+01 2.345667E+01 2.223490E+01 2.130299E+01 1.311688E+01 1.052824E+01 9.288989E+00 5.074313E+00 4.375743E+00 3.981854E+00 3.733791E+00 3.576042E+00 3.483554E+00 3.254771E+00 2.778138E+00 2.156917E+00 1.735804E+00 1.472726E+00 1.282965E+00 1.131909E+00 1.015402E+00 9.372642E-01 9.381375E-01 
1.966358E+02 1.139818E+02 8.225731E+01 6.573322E+01 5.578085E+01 4.924715E+01 4.470159E+01 4.140326E+01 3.893273E+01 3.703843E+01 2.301175E+01 1.829411E+01 1.628730E+01 9.774826E+00 8.467452E+00 7.729070E+00 7.264000E+00 6.969419E+00 6.801084E+00 6.372267E+00 5.454212E+00 4.262859E+00 3.445325E+00 2.929275E+00 2.555126E+00 2.255928E+00 2.023868E+00 1.868011E+00 7.857587E-01 
5.862220E+01 3.237241E+01 2.344440E+01 1.917205E+01 1.676787E+01 1.526980E+01 1.426916E+01 1.356707E+01 1.305760E+01 1.268107E+01 7.960975E+00 6.663650E+00 5.970794E+00 2.854727E+00 2.468807E+00 2.260646E+00 2.133892E+00 2.055016E+00 2.015795E+00 1.893272E+00 1.615584E+00 1.239980E+00 9.876685E-01 8.370714E-01 7.340112E-01 6.512077E-01 5.864707E-01 5.438970E-01 1.066125E+00 
1.941067E+02 1.141731E+02 8.274977E+01 6.621405E+01 5.617836E+01 4.953829E+01 4.488070E+01 4.146965E+01 3.888923E+01 3.689462E+01 2.303789E+01 1.817544E+01 1.622100E+01 9.472858E+00 8.108142E+00 7.359962E+00 6.899621E+00 6.608925E+00 6.453081E+00 6.103293E+00 5.293067E+00 4.226332E+00 3.467302E+00 2.967582E+00 2.590616E+00 2.281155E+00 2.036027E+00 1.875284E+00 1.104029E+00 
1.448308E+02 8.371851E+01 6.038908E+01 4.828828E+01 4.098763E+01 3.615547E+01 3.274991E+01 3.023889E+01 2.832540E+01 2.683557E+01 1.668503E+01 1.293916E+01 1.128985E+01 6.416249E+00 5.469352E+00 4.943769E+00 4.614317E+00 4.405424E+00 4.286236E+00 4.067043E+00 3.564973E+00 2.921817E+00 2.449243E+00 2.110614E+00 1.837526E+00 1.612443E+00 1.431013E+00 1.309398E+00 9.213097E-01 
1.080649E+02 6.112732E+01 4.396484E+01 3.529455E+01 3.018272E+01 2.686962E+01 2.457953E+01 2.292276E+01 2.168375E+01 2.073854E+01 1.296813E+01 1.044669E+01 9.300285E+00 4.916620E+00 4.210922E+00 3.827871E+00 3.594588E+00 3.448529E+00 3.372295E+00 3.190977E+00 2.769534E+00 2.209991E+00 1.817384E+00 1.560961E+00 1.367479E+00 1.209511E+00 1.083964E+00 1.001840E+00 1.032507E+00 
7.549696E+01 4.199232E+01 3.025962E+01 2.451165E+01 2.121091E+01 1.911925E+01 1.770182E+01 1.669433E+01 1.595416E+01 1.540027E+01 9.662291E+00 7.984379E+00 7.153023E+00 3.547186E+00 3.053187E+00 2.786038E+00 2.622897E+00 2.520673E+00 2.468382E+00 2.323067E+00 1.992464E+00 1.548611E+00 1.245725E+00 1.059304E+00 9.272349E-01 8.205021E-01 7.366754E-01 6.816358E-01 1.035008E+00 
1.129788E+02 6.405064E+01 4.608597E+01 3.698997E+01 3.162117E+01 2.814098E+01 2.573657E+01 2.399810E+01 2.269882E+01 2.170816E+01 1.359502E+01 1.096787E+01 9.791929E+00 5.220500E+00 4.477753E+00 4.076059E+00 3.831463E+00 3.679438E+00 3.602496E+00 3.411187E+00 2.960900E+00 2.362963E+00 1.942770E+00 1.668631E+00 1.462977E+00 1.294802E+00 1.160924E+00 1.073277E+00 1.025498E+00 
1.063225E+02 6.021552E+01 4.328407E+01 3.468142E+01 2.955913E+01 2.619983E+01 2.384854E+01 2.212708E+01 2.082000E+01 1.980315E+01 1.229547E+01 9.610754E+00 8.339638E+00 4.554952E+00 3.899224E+00 3.539203E+00 3.321813E+00 3.187578E+00 3.124019E+00 2.976889E+00 2.618566E+00 2.150063E+00 1.803729E+00 1.553751E+00 1.344824E+00 1.173618E+00 1.029607E+00 9.330355E-01 1.116212E+00 
1.161825E+02 6.623763E+01 4.769079E+01 3.823052E+01 3.260336E+01 2.892646E+01 2.636503E+01 2.449609E+01 2.308826E+01 2.200721E+01 1.371647E+01 1.090945E+01 9.667069E+00 5.150750E+00 4.385433E+00 3.968002E+00 3.708277E+00 3.544128E+00 3.453877E+00 3.263466E+00 2.831647E+00 2.267681E+00 1.866208E+00 1.596957E+00 1.391894E+00 1.224176E+00 1.090490E+00 1.001616E+00 1.142163E+00 
1.081879E+02 6.118576E+01 4.400129E+01 3.532084E+01 3.020378E+01 2.688796E+01 2.459656E+01 2.293827E+01 2.169795E+01 2.075162E+01 1.296442E+01 1.044315E+01 9.299149E+00 4.903136E+00 4.195097E+00 3.809142E+00 3.572199E+00 3.422899E+00 3.342794E+00 3.157223E+00 2.732468E+00 2.168756E+00 1.773953E+00 1.517931E+00 1.326104E+00 1.169749E+00 1.046310E+00 9.654319E-01 9.815844E-01 
1.262800E+02 7.204257E+01 5.187304E+01 4.158291E+01 3.547564E+01 3.150136E+01 2.874795E+01 2.675186E+01 2.525623E+01 2.411245E+01 1.509427E+01 1.212915E+01 1.083643E+01 5.883104E+00 5.043033E+00 4.587161E+00 4.308469E+00 4.134586E+00 4.045155E+00 3.828613E+00 3.320909E+00 2.648749E+00 2.174612E+00 1.864292E+00 1.631416E+00 1.440864E+00 1.289382E+00 1.189870E+00 7.867363E-01 
1.798825E+02 1.034837E+02 7.475411E+01 5.996319E+01 5.115459E+01 4.544644E+01 4.153522E+01 3.874771E+01 3.670433E+01 3.517581E+01 2.238449E+01 1.852512E+01 1.704277E+01 1.023742E+01 9.031276E+00 8.392931E+00 8.014860E+00 7.804078E+00 7.733038E+00 7.328408E+00 6.314506E+00 4.931563E+00 3.983745E+00 3.403183E+00 3.007934E+00 2.692274E+00 2.442574E+00 2.276934E+00 1.076071E+00 
4.683454E+02 2.974151E+02 2.220747E+02 1.798071E+02 1.529635E+02 1.345777E+02 1.213274E+02 1.114236E+02 1.038203E+02 9.786265E+01 6.233397E+01 4.796235E+01 4.267340E+01 3.048053E+01 2.693221E+01 2.501442E+01 2.388608E+01 2.326441E+01 2.302946E+01 2.197705E+01 1.921310E+01 1.538067E+01 1.264651E+01 1.088834E+01 9.606970E+00 8.565941E+00 7.749592E+00 7.219333E+00 1.114447E+00 
2.814319E+02 1.694946E+02 1.239582E+02 9.951052E+01 8.445689E+01 7.439288E+01 6.728175E+01 6.205212E+01 5.808999E+01 5.502024E+01 3.471067E+01 2.721271E+01 2.431071E+01 1.576796E+01 1.379138E+01 1.272009E+01 1.208070E+01 1.172029E+01 1.156811E+01 1.102765E+01 9.647791E+00 7.776497E+00 6.445806E+00 5.570045E+00 4.911625E+00 4.375980E+00 3.953234E+00 3.678161E+00 9.287502E-01 
2.624194E+02 1.562490E+02 1.138940E+02 9.136116E+01 7.758205E+01 6.843044E+01 6.200879E+01 5.732490E+01 5.380847E+01 5.111121E+01 3.234276E+01 2.579553E+01 2.332794E+01 1.495058E+01 1.312915E+01 1.215238E+01 1.157884E+01 1.125941E+01 1.113647E+01 1.059412E+01 9.216666E+00 7.330309E+00 6.010808E+00 5.174920E+00 4.570702E+00 4.082963E+00 3.699173E+00 3.451271E+00 1.041172E+00 
2.129268E+02 1.241367E+02 8.995330E+01 7.211234E+01 6.136487E+01 5.432483E+01 4.945068E+01 4.594130E+01 4.334203E+01 4.137656E+01 2.627672E+01 2.143686E+01 1.961726E+01 1.213835E+01 1.069533E+01 9.928605E+00 9.475492E+00 9.222926E+00 9.134524E+00 8.669941E+00 7.495450E+00 5.891385E+00 4.783369E+00 4.096639E+00 3.618799E+00 3.235762E+00 2.933667E+00 2.734907E+00 1.043337E+00 
2.798851E+02 1.675699E+02 1.223906E+02 9.824394E+01 8.342809E+01 7.356175E+01 6.662404E+01 6.155493E+01 5.774443E+01 5.481880E+01 3.475854E+01 2.768035E+01 2.505454E+01 1.629328E+01 1.433956E+01 1.329758E+01 1.268510E+01 1.234605E+01 1.222657E+01 1.164183E+01 1.013111E+01 8.064446E+00 6.615036E+00 5.694184E+00 5.032317E+00 4.498026E+00 4.075829E+00 3.802092E+00 1.034353E+00 
2.072511E+02 1.210893E+02 8.772233E+01 7.027029E+01 5.972539E+01 5.278923E+01 4.795816E+01 4.445085E+01 4.182005E+01 3.979787E+01 2.508299E+01 2.005635E+01 1.801134E+01 1.105109E+01 9.667227E+00 8.924303E+00 8.481690E+00 8.232084E+00 8.144213E+00 7.760856E+00 6.773948E+00 5.434995E+00 4.490257E+00 3.870706E+00 3.403500E+00 3.025267E+00 2.717938E+00 2.516669E+00 1.123406E+00 
2.058674E+02 1.204978E+02 8.737195E+01 7.002941E+01 5.955159E+01 5.266389E+01 4.786941E+01 4.438955E+01 4.178858E+01 3.980277E+01 2.510860E+01 2.016328E+01 1.822879E+01 1.112115E+01 9.718922E+00 8.969116E+00 8.516186E+00 8.258611E+00 8.152060E+00 7.737021E+00 6.709660E+00 5.323161E+00 4.356281E+00 3.738380E+00 3.299206E+00 2.940862E+00 2.658546E+00 2.469913E+00 1.100664E+00 
1.840829E+02 1.063501E+02 7.686501E+01 6.161390E+01 5.248894E+01 4.654214E+01 4.243942E+01 3.949124E+01 3.730925E+01 3.565897E+01 2.256133E+01 1.841024E+01 1.676963E+01 1.005539E+01 8.821625E+00 8.160828E+00 7.769270E+00 7.549320E+00 7.462070E+00 7.078271E+00 6.127791E+00 4.823295E+00 3.924703E+00 3.368757E+00 2.974577E+00 2.660927E+00 2.414537E+00 2.255135E+00 9.524266E-01 
3.117434E+02 1.886192E+02 1.382669E+02 1.111137E+02 9.434362E+01 8.311539E+01 7.518247E+01 6.935989E+01 6.496519E+01 6.157813E+01 3.908029E+01 3.092734E+01 2.793626E+01 1.855213E+01 1.634957E+01 1.517277E+01 1.448118E+01 1.409945E+01 1.396598E+01 1.330734E+01 1.158921E+01 9.233933E+00 7.576756E+00 6.520698E+00 5.760262E+00 5.145798E+00 4.660814E+00 4.345122E+00 7.937853E-01 
