6.377573E+01 3.532500E+01 2.553435E+01 2.079325E+01 1.808925E+01 1.638072E+01 1.522316E+01 1.440054E+01 1.379689E+01 1.334435E+01 8.276040E+00 6.796409E+00 6.037956E+00 3.021023E+00 2.623194E+00 2.409383E+00 2.281004E+00 2.206314E+00 2.172571E+00 2.049093E+00 1.759034E+00 1.367433E+00 1.102995E+00 9.412282E-01 8.292038E-01 7.393709E-01 6.698288E-01 6.232099E-01 1.064700E+00 
2.063045E+02 1.203873E+02 8.705248E+01 6.959518E+01 5.903976E+01 5.208843E+01 4.724025E+01 4.371584E+01 4.107367E+01 3.904705E+01 2.436853E+01 1.940951E+01 1.739938E+01 1.046722E+01 9.073476E+00 8.302577E+00 7.830298E+00 7.543076E+00 7.393115E+00 6.968710E+00 6.002942E+00 4.717263E+00 3.828822E+00 3.270348E+00 2.867221E+00 2.542389E+00 2.290761E+00 2.124761E+00 1.103404E+00 
1.490220E+02 8.587980E+01 6.189037E+01 4.947828E+01 4.200919E+01 3.708016E+01 3.361613E+01 3.106925E+01 2.913411E+01 2.762931E+01 1.707353E+01 1.324119E+01 1.153617E+01 6.696417E+00 5.748327E+00 5.219089E+00 4.889738E+00 4.686740E+00 4.572068E+00 4.326854E+00 3.773456E+00 3.057712E+00 2.544368E+00 2.189626E+00 1.910882E+00 1.683721E+00 1.504062E+00 1.384199E+00 9.204609E-01 
1.126230E+02 6.354422E+01 4.566146E+01 3.664271E+01 3.133660E+01 2.790738E+01 2.554383E+01 2.383909E+01 2.256851E+01 2.159976E+01 1.340219E+01 1.076815E+01 9.551532E+00 5.209972E+00 4.498149E+00 4.107678E+00 3.871410E+00 3.729032E+00 3.655586E+00 3.450209E+00 2.981961E+00 2.358358E+00 1.929309E+00 1.656665E+00 1.455828E+00 1.293875E+00 1.167767E+00 1.085349E+00 1.031524E+00 
8.078263E+01 4.500191E+01 3.240343E+01 2.619896E+01 2.261709E+01 2.033581E+01 1.878171E+01 1.767200E+01 1.685356E+01 1.623670E+01 1.008306E+01 8.232782E+00 7.328558E+00 3.785153E+00 3.278295E+00 3.003780E+00 2.837853E+00 2.739483E+00 2.692247E+00 2.537778E+00 2.180405E+00 1.700715E+00 1.374858E+00 1.173612E+00 1.031893E+00 9.181773E-01 8.301408E-01 7.715737E-01 1.033975E+00 
1.186752E+02 6.712042E+01 4.825278E+01 3.871261E+01 3.309200E+01 2.945882E+01 2.695642E+01 2.515347E+01 2.381140E+01 2.278950E+01 1.417746E+01 1.142048E+01 1.016984E+01 5.598453E+00 4.843313E+00 4.431520E+00 4.182007E+00 4.033036E+00 3.960028E+00 3.741206E+00 3.233300E+00 2.557492E+00 2.091594E+00 1.795413E+00 1.579421E+00 1.405085E+00 1.268918E+00 1.179316E+00 1.024698E+00 
1.099101E+02 6.236073E+01 4.483206E+01 3.589971E+01 3.056517E+01 2.705605E+01 2.459262E+01 2.278477E+01 2.141009E+01 2.033826E+01 1.251578E+01 9.692087E+00 8.365743E+00 4.685660E+00 4.024146E+00 3.660637E+00 3.442977E+00 3.313155E+00 3.254149E+00 3.101017E+00 2.726043E+00 2.233675E+00 1.872766E+00 1.614571E+00 1.400687E+00 1.226406E+00 1.081759E+00 9.848681E-01 1.115097E+00 
1.463874E+02 8.384684E+01 6.036200E+01 4.829929E+01 4.110337E+01 3.640653E+01 3.314550E+01 3.077756E+01 2.900203E+01 2.764030E+01 1.715358E+01 1.365874E+01 1.213817E+01 6.875273E+00 5.925039E+00 5.401311E+00 5.078057E+00 4.880703E+00 4.774541E+00 4.499550E+00 3.881303E+00 3.065411E+00 2.499713E+00 2.137372E+00 1.871106E+00 1.656245E+00 1.489330E+00 1.378852E+00 1.178438E+00 
1.463873E+02 8.369967E+01 6.023854E+01 4.821088E+01 4.105040E+01 3.638652E+01 3.315722E+01 3.082018E+01 2.907343E+01 2.773737E+01 1.725030E+01 1.380623E+01 1.230815E+01 6.985205E+00 6.035610E+00 5.513302E+00 5.194258E+00 5.000749E+00 4.900390E+00 4.622338E+00 3.987713E+00 3.144830E+00 2.562291E+00 2.192457E+00 1.922574E+00 1.704998E+00 1.536092E+00 1.424811E+00 1.004669E+00 
1.332804E+02 7.581360E+01 5.453548E+01 4.369824E+01 3.727983E+01 3.311667E+01 3.024334E+01 2.816985E+01 2.662439E+01 2.544593E+01 1.584779E+01 1.274564E+01 1.137643E+01 6.375046E+00 5.517136E+00 5.048326E+00 4.763305E+00 4.592509E+00 4.507984E+00 4.257245E+00 3.675458E+00 2.902106E+00 2.367922E+00 2.028364E+00 1.781722E+00 1.582772E+00 1.427604E+00 1.324867E+00 7.862480E-01 
1.713094E+02 9.859403E+01 7.119850E+01 5.709257E+01 4.869029E+01 4.324068E+01 3.950063E+01 3.682825E+01 3.486183E+01 3.338427E+01 2.115748E+01 1.740927E+01 1.594701E+01 9.374493E+00 8.204849E+00 7.576782E+00 7.201425E+00 6.983039E+00 6.888585E+00 6.512092E+00 5.603977E+00 4.371859E+00 3.527043E+00 3.010913E+00 2.650951E+00 2.359896E+00 2.133672E+00 1.984665E+00 9.464584E-01 
4.031257E+02 2.489189E+02 1.838194E+02 1.480457E+02 1.256348E+02 1.104502E+02 9.961242E+01 9.158582E+01 8.547774E+01 8.073403E+01 5.116544E+01 4.003983E+01 3.602805E+01 2.494226E+01 2.198355E+01 2.035720E+01 1.937837E+01 1.880706E+01 1.854106E+01 1.757169E+01 1.522800E+01 1.199806E+01 9.734643E+00 8.330311E+00 7.326944E+00 6.510661E+00 5.880689E+00 5.472826E+00 9.861110E-01 
2.421912E+02 1.436293E+02 1.044556E+02 8.368366E+01 7.100805E+01 6.259641E+01 5.669125E+01 5.237330E+01 4.911809E+01 4.660779E+01 2.933342E+01 2.319192E+01 2.077747E+01 1.305589E+01 1.138623E+01 1.047270E+01 9.923744E+00 9.605398E+00 9.453064E+00 8.973347E+00 7.809300E+00 6.232123E+00 5.122343E+00 4.409565E+00 3.877733E+00 3.443767E+00 3.106827E+00 2.889832E+00 8.227944E-01 
2.195657E+02 1.285627E+02 9.318885E+01 7.463667E+01 6.341526E+01 5.603338E+01 5.089924E+01 4.718544E+01 4.441871E+01 4.231262E+01 2.673323E+01 2.158368E+01 1.960711E+01 1.208177E+01 1.057285E+01 9.754602E+00 9.270034E+00 8.990358E+00 8.862887E+00 8.392594E+00 7.261380E+00 5.714535E+00 4.646027E+00 3.987167E+00 3.513464E+00 3.129016E+00 2.831753E+00 2.641920E+00 9.217329E-01 
1.958432E+02 1.136708E+02 8.223280E+01 6.589233E+01 5.608212E+01 4.967421E+01 4.524848E+01 4.206780E+01 3.971445E+01 3.793618E+01 2.401944E+01 1.961465E+01 1.793271E+01 1.081050E+01 9.465682E+00 8.740476E+00 8.306604E+00 8.053698E+00 7.942269E+00 7.510571E+00 6.470675E+00 5.057896E+00 4.086260E+00 3.491008E+00 3.072893E+00 2.734532E+00 2.472119E+00 2.300382E+00 9.261353E-01 
2.474720E+02 1.461846E+02 1.062677E+02 8.516265E+01 7.231737E+01 6.382396E+01 5.789222E+01 5.358638E+01 5.036969E+01 4.791547E+01 3.032928E+01 2.440794E+01 2.220337E+01 1.402412E+01 1.230359E+01 1.137362E+01 1.081970E+01 1.050004E+01 1.036250E+01 9.820449E+00 8.497330E+00 6.691748E+00 5.439970E+00 4.664973E+00 4.112041E+00 3.663128E+00 3.314710E+00 3.090049E+00 9.098365E-01 
1.844687E+02 1.072503E+02 7.755829E+01 6.210339E+01 5.279854E+01 4.669053E+01 4.244039E+01 3.935791E+01 3.704051E+01 3.525523E+01 2.214339E+01 1.765581E+01 1.579851E+01 9.449618E+00 8.225388E+00 7.564888E+00 7.175359E+00 6.953324E+00 6.864646E+00 6.534806E+00 5.700287E+00 4.566585E+00 3.764863E+00 3.241404E+00 2.841245E+00 2.515040E+00 2.253728E+00 2.084011E+00 9.906472E-01 
1.507893E+02 8.640811E+01 6.231462E+01 4.996895E+01 4.263441E+01 3.788040E+01 3.460880E+01 3.225634E+01 3.051234E+01 2.919195E+01 1.836993E+01 1.494224E+01 1.352269E+01 7.760441E+00 6.759704E+00 6.220702E+00 5.898535E+00 5.713955E+00 5.626589E+00 5.325472E+00 4.607432E+00 3.621267E+00 2.949089E+00 2.532694E+00 2.229836E+00 1.984618E+00 1.797774E+00 1.678001E+00 9.735536E-01 
1.538592E+02 8.809519E+01 6.352262E+01 5.093943E+01 4.347212E+01 3.863758E+01 3.531910E+01 3.294341E+01 3.118971E+01 2.986668E+01 1.883647E+01 1.540919E+01 1.400463E+01 8.069072E+00 7.052160E+00 6.497523E+00 6.169861E+00 5.981532E+00 5.895279E+00 5.578381E+00 4.818598E+00 3.774464E+00 3.059460E+00 2.624288E+00 2.311829E+00 2.058681E+00 1.865273E+00 1.742787E+00 8.376621E-01 
2.808042E+02 1.675841E+02 1.222324E+02 9.802953E+01 8.319347E+01 7.332419E+01 6.639473E+01 6.133957E+01 5.754636E+01 5.464022E+01 3.460027E+01 2.767178E+01 2.513742E+01 1.627046E+01 1.429482E+01 1.322326E+01 1.258345E+01 1.221327E+01 1.205256E+01 1.142425E+01 9.886624E+00 7.785637E+00 6.324893E+00 5.418673E+00 4.772873E+00 4.248550E+00 3.841756E+00 3.577785E+00 7.010684E-01 
7.583195E+01 4.217245E+01 3.041416E+01 2.466309E+01 2.136673E+01 1.928259E+01 1.787302E+01 1.687368E+01 1.614196E+01 1.559462E+01 9.729621E+00 8.025357E+00 7.183947E+00 3.662906E+00 3.178961E+00 2.918139E+00 2.761012E+00 2.668330E+00 2.624636E+00 2.473152E+00 2.121371E+00 1.646825E+00 1.325940E+00 1.130337E+00 9.940480E-01 8.845539E-01 7.998584E-01 7.435014E-01 8.423160E-01 
2.313023E+02 1.360448E+02 9.862027E+01 7.887746E+01 6.687615E+01 5.894100E+01 5.339133E+01 4.934990E+01 4.631716E+01 4.398971E+01 2.752847E+01 2.191024E+01 1.969540E+01 1.210379E+01 1.051097E+01 9.627898E+00 9.085739E+00 8.754914E+00 8.580057E+00 8.084800E+00 6.961438E+00 5.461643E+00 4.424583E+00 3.776169E+00 3.308426E+00 2.930501E+00 2.638270E+00 2.446392E+00 8.741882E-01 
1.606099E+02 9.289386E+01 6.701350E+01 5.358535E+01 4.549824E+01 4.016556E+01 3.642461E+01 3.368017E+01 3.159942E+01 2.998440E+01 1.859332E+01 1.449996E+01 1.270910E+01 7.434681E+00 6.395147E+00 5.816392E+00 5.457654E+00 5.237689E+00 5.115046E+00 4.840082E+00 4.215738E+00 3.401995E+00 2.821472E+00 2.426692E+00 2.119390E+00 1.868871E+00 1.671437E+00 1.540521E+00 7.300199E-01 
1.260300E+02 7.146135E+01 5.138329E+01 4.119803E+01 3.518543E+01 3.129569E+01 2.861669E+01 2.668760E+01 2.525244E+01 2.416005E+01 1.505219E+01 1.213991E+01 1.083358E+01 6.001493E+00 5.188718E+00 4.743140E+00 4.473681E+00 4.311273E+00 4.227275E+00 3.988423E+00 3.443951E+00 2.716458E+00 2.216269E+00 1.901071E+00 1.669759E+00 1.482951E+00 1.337776E+00 1.243348E+00 8.172888E-01 
9.404876E+01 5.264815E+01 3.787997E+01 3.054482E+01 2.629003E+01 2.357680E+01 2.173034E+01 2.041436E+01 1.944557E+01 1.871658E+01 1.168115E+01 9.574042E+00 8.581402E+00 4.517650E+00 3.914182E+00 3.586805E+00 3.388564E+00 3.270133E+00 3.211894E+00 3.025700E+00 2.597792E+00 2.023092E+00 1.632403E+00 1.392269E+00 1.222672E+00 1.086306E+00 9.808531E-01 9.111236E-01 8.186308E-01 
1.342802E+02 7.637840E+01 5.495375E+01 4.404812E+01 3.759618E+01 3.341826E+01 3.054105E+01 2.847052E+01 2.693160E+01 2.576146E+01 1.608942E+01 1.300157E+01 1.164609E+01 6.526403E+00 5.653608E+00 5.177412E+00 4.888888E+00 4.716224E+00 4.630765E+00 4.372738E+00 3.775396E+00 2.977871E+00 2.428532E+00 2.082281E+00 1.830472E+00 1.626933E+00 1.468372E+00 1.364597E+00 8.110557E-01 
1.184843E+02 6.741205E+01 4.849096E+01 3.883319E+01 3.307019E+01 2.928857E+01 2.664171E+01 2.470417E+01 2.323260E+01 2.208709E+01 1.364144E+01 1.063563E+01 9.241648E+00 5.192877E+00 4.465442E+00 4.066369E+00 3.828329E+00 3.687213E+00 3.622733E+00 3.450111E+00 3.027281E+00 2.467898E+00 2.061068E+00 1.775671E+00 1.542309E+00 1.352147E+00 1.195304E+00 1.091034E+00 8.816710E-01 
7.511757E+01 4.186533E+01 3.013875E+01 2.433966E+01 2.096103E+01 1.878383E+01 1.728102E+01 1.619338E+01 1.538199E+01 1.476519E+01 9.096644E+00 7.282335E+00 6.389799E+00 3.286371E+00 2.825335E+00 2.572724E+00 2.417595E+00 2.323250E+00 2.271018E+00 2.139180E+00 1.846566E+00 1.454307E+00 1.185373E+00 1.015100E+00 8.879780E-01 7.857537E-01 7.100003E-01 6.590850E-01 8.446175E-01 
7.926720E+01 4.413859E+01 3.176582E+01 2.566491E+01 2.213233E+01 1.987246E+01 1.832499E+01 1.721419E+01 1.639075E+01 1.576704E+01 9.754531E+00 7.906225E+00 6.991204E+00 3.600868E+00 3.106752E+00 2.835688E+00 2.671283E+00 2.571567E+00 2.518515E+00 2.370704E+00 2.039799E+00 1.594796E+00 1.292252E+00 1.106178E+00 9.695991E-01 8.599542E-01 7.757627E-01 7.211838E-01 7.410227E-01 
1.510241E+02 8.644796E+01 6.226032E+01 4.985540E+01 4.247460E+01 3.767563E+01 3.436160E+01 3.197154E+01 3.019204E+01 2.883658E+01 1.802471E+01 1.453067E+01 1.303918E+01 7.448887E+00 6.455817E+00 5.912544E+00 5.582122E+00 5.383572E+00 5.284186E+00 4.987868E+00 4.302561E+00 3.388511E+00 2.757689E+00 2.360027E+00 2.071782E+00 1.838872E+00 1.657688E+00 1.538429E+00 6.229153E-01 
9.418214E+01 5.259270E+01 3.780049E+01 3.046413E+01 2.621368E+01 2.350540E+01 2.166249E+01 2.034745E+01 1.937609E+01 1.864113E+01 1.151136E+01 9.355809E+00 8.296146E+00 4.413564E+00 3.817949E+00 3.485162E+00 3.277529E+00 3.147255E+00 3.073781E+00 2.873977E+00 2.447637E+00 1.888858E+00 1.512694E+00 1.282492E+00 1.120013E+00 9.905707E-01 8.909714E-01 8.240074E-01 1.063584E+00 
2.947724E+02 1.761243E+02 1.282685E+02 1.026232E+02 8.684199E+01 7.629804E+01 6.885635E+01 6.339261E+01 5.926024E+01 5.606433E+01 3.491626E+01 2.734090E+01 2.431290E+01 1.562410E+01 1.356615E+01 1.238891E+01 1.164183E+01 1.116388E+01 1.087952E+01 1.018195E+01 8.709326E+00 6.789566E+00 5.467714E+00 4.639302E+00 4.039595E+00 3.559119E+00 3.189208E+00 2.942399E+00 1.102611E+00 
1.957031E+02 1.141898E+02 8.253471E+01 6.595827E+01 5.591827E+01 4.927876E+01 4.461700E+01 4.119715E+01 3.860395E+01 3.658935E+01 2.262043E+01 1.757121E+01 1.536793E+01 9.325849E+00 8.044341E+00 7.318135E+00 6.861228E+00 6.574822E+00 6.407425E+00 6.032184E+00 5.219293E+00 4.173153E+00 3.436391E+00 2.943799E+00 2.565639E+00 2.259934E+00 2.020828E+00 1.861184E+00 9.193940E-01 
1.640686E+02 9.403839E+01 6.767585E+01 5.410206E+01 4.599742E+01 4.071094E+01 3.704922E+01 3.440047E+01 3.242019E+01 3.090382E+01 1.913512E+01 1.524342E+01 1.351282E+01 7.875002E+00 6.808308E+00 6.205461E+00 5.828749E+00 5.590676E+00 5.452064E+00 5.107056E+00 4.376055E+00 3.424640E+00 2.774235E+00 2.364720E+00 2.064795E+00 1.824505E+00 1.638654E+00 1.515617E+00 1.030658E+00 
1.186073E+02 6.682905E+01 4.799979E+01 3.851535E+01 3.295265E+01 2.937648E+01 2.692789E+01 2.517267E+01 2.387115E+01 2.288261E+01 1.415353E+01 1.143506E+01 1.015959E+01 5.599374E+00 4.841330E+00 4.415802E+00 4.149433E+00 3.981367E+00 3.885045E+00 3.632753E+00 3.097248E+00 2.397619E+00 1.924229E+00 1.632314E+00 1.424120E+00 1.258070E+00 1.130320E+00 1.044812E+00 1.033078E+00 
1.717544E+02 9.871349E+01 7.109417E+01 5.683508E+01 4.830490E+01 4.273406E+01 3.887328E+01 3.608025E+01 3.399272E+01 3.239507E+01 2.009707E+01 1.602559E+01 1.424205E+01 8.368399E+00 7.245175E+00 6.612384E+00 6.216703E+00 5.967660E+00 5.825862E+00 5.461620E+00 4.680987E+00 3.664402E+00 2.968415E+00 2.530160E+00 2.210767E+00 1.954751E+00 1.756471E+00 1.624748E+00 1.023752E+00 
1.385972E+02 7.924638E+01 5.701904E+01 4.560761E+01 3.878102E+01 3.430197E+01 3.117093E+01 2.888027E+01 2.714197E+01 2.578779E+01 1.586185E+01 1.234068E+01 1.070577E+01 6.203495E+00 5.350437E+00 4.875626E+00 4.585102E+00 4.408264E+00 4.322500E+00 4.096013E+00 3.570728E+00 2.885122E+00 2.395544E+00 2.058828E+00 1.787874E+00 1.568399E+00 1.389522E+00 1.270607E+00 1.113855E+00 
1.017315E+02 5.712904E+01 4.103843E+01 3.296895E+01 2.823504E+01 2.517950E+01 2.307111E+01 2.154459E+01 2.040195E+01 1.952748E+01 1.197662E+01 9.527813E+00 8.346971E+00 4.538005E+00 3.908179E+00 3.553411E+00 3.337479E+00 3.196992E+00 3.112962E+00 2.913525E+00 2.496056E+00 1.951825E+00 1.580860E+00 1.346584E+00 1.173066E+00 1.034420E+00 9.281279E-01 8.578391E-01 1.070623E+00 
1.038300E+02 5.821347E+01 4.179660E+01 3.358073E+01 2.877774E+01 2.570208E+01 2.358140E+01 2.205533E+01 2.091872E+01 2.005130E+01 1.232485E+01 9.880895E+00 8.696529E+00 4.720995E+00 4.072253E+00 3.706545E+00 3.478139E+00 3.333756E+00 3.248877E+00 3.038121E+00 2.597758E+00 2.019134E+00 1.627281E+00 1.383860E+00 1.206638E+00 1.065253E+00 9.569295E-01 8.853923E-01 9.375929E-01 
1.907363E+02 1.103595E+02 7.960757E+01 6.362045E+01 5.400512E+01 4.769931E+01 4.331538E+01 4.013571E+01 3.775464E+01 3.592928E+01 2.231259E+01 1.774355E+01 1.578739E+01 9.434471E+00 8.172737E+00 7.460352E+00 7.013401E+00 6.731584E+00 6.570306E+00 6.158619E+00 5.275666E+00 4.125797E+00 3.336995E+00 2.840182E+00 2.478809E+00 2.189216E+00 1.965287E+00 1.815946E+00 7.854645E-01 
5.421484E+01 2.990870E+01 2.169830E+01 1.778759E+01 1.559143E+01 1.422282E+01 1.330758E+01 1.266456E+01 1.219735E+01 1.185165E+01 7.424687E+00 6.200162E+00 5.536188E+00 2.626492E+00 2.272588E+00 2.081919E+00 1.967220E+00 1.896062E+00 1.860898E+00 1.749879E+00 1.495859E+00 1.149341E+00 9.169830E-01 7.793817E-01 6.839799E-01 6.072870E-01 5.479462E-01 5.094426E-01 1.065440E+00 
1.907238E+02 1.121001E+02 8.122981E+01 6.499723E+01 5.514976E+01 4.863525E+01 4.406534E+01 4.071774E+01 3.818451E+01 3.622578E+01 2.261383E+01 1.783053E+01 1.590124E+01 9.256804E+00 7.919788E+00 7.187048E+00 6.737363E+00 6.453950E+00 6.301696E+00 5.962713E+00 5.175258E+00 4.136516E+00 3.396848E+00 2.909608E+00 2.540621E+00 2.237188E+00 1.997343E+00 1.840628E+00 1.103797E+00 
1.410933E+02 8.149732E+01 5.877589E+01 4.699469E+01 3.988403E+01 3.517336E+01 3.184977E+01 2.939672E+01 2.752594E+01 2.606861E+01 1.619820E+01 1.253063E+01 1.091003E+01 6.191280E+00 5.275129E+00 4.766502E+00 4.448625E+00 4.247483E+00 4.132275E+00 3.924406E+00 3.445803E+00 2.831462E+00 2.378661E+00 2.052643E+00 1.787514E+00 1.568528E+00 1.392419E+00 1.274832E+00 9.208897E-01 
1.041141E+02 5.882878E+01 4.231102E+01 3.397693E+01 2.906450E+01 2.587875E+01 2.367441E+01 2.207802E+01 2.088315E+01 1.997114E+01 1.247959E+01 1.003383E+01 8.913895E+00 4.691626E+00 4.016735E+00 3.650632E+00 3.428970E+00 3.290611E+00 3.218323E+00 3.048343E+00 2.650374E+00 2.119598E+00 1.746771E+00 1.503113E+00 1.317463E+00 1.165585E+00 1.045391E+00 9.673227E-01 1.032059E+00 
7.126993E+01 3.959291E+01 2.854934E+01 2.315393E+01 2.005881E+01 1.809660E+01 1.676534E+01 1.581797E+01 1.512130E+01 1.459967E+01 9.148444E+00 7.544130E+00 6.739941E+00 3.320289E+00 2.857820E+00 2.607936E+00 2.456659E+00 2.362159E+00 2.313873E+00 2.179997E+00 1.872985E+00 1.458068E+00 1.175056E+00 1.001552E+00 8.772041E-01 7.765694E-01 6.981277E-01 6.471546E-01 1.034525E+00 
1.090679E+02 6.176785E+01 4.444209E+01 3.568078E+01 3.051147E+01 2.715927E+01 2.484131E+01 2.316385E+01 2.190917E+01 2.095205E+01 1.311391E+01 1.056256E+01 9.412658E+00 4.996292E+00 4.284082E+00 3.899200E+00 3.666139E+00 3.521787E+00 3.448752E+00 3.268741E+00 2.841871E+00 2.272613E+00 1.872153E+00 1.610767E+00 1.412952E+00 1.250855E+00 1.122332E+00 1.038740E+00 1.025088E+00 
1.022988E+02 5.788339E+01 4.160271E+01 3.333255E+01 2.840290E+01 2.516433E+01 2.289355E+01 2.122884E+01 1.996357E+01 1.897857E+01 1.176936E+01 9.162096E+00 7.921951E+00 4.326795E+00 3.703013E+00 3.360483E+00 3.154986E+00 3.028617E+00 2.969161E+00 2.833497E+00 2.498840E+00 2.059482E+00 1.733074E+00 1.495850E+00 1.294806E+00 1.129724E+00 9.910572E-01 8.985258E-01 1.115645E+00 
1.077433E+02 6.128863E+01 4.411667E+01 3.537394E+01 3.017191E+01 2.676655E+01 2.438837E+01 2.264915E+01 2.133690E+01 2.032854E+01 1.265044E+01 1.001592E+01 8.835662E+00 4.663058E+00 3.964282E+00 3.583232E+00 3.347991E+00 3.199879E+00 3.117575E+00 2.950731E+00 2.569073E+00 2.067030E+00 1.708349E+00 1.466636E+00 1.278914E+00 1.124795E+00 1.002922E+00 9.228444E-01 1.141054E+00 
1.042384E+02 5.888785E+01 4.234796E+01 3.400374E+01 2.908620E+01 2.589785E+01 2.369230E+01 2.209449E+01 2.089837E+01 1.998529E+01 1.247649E+01 1.003090E+01 8.913363E+00 4.678223E+00 4.000967E+00 3.631948E+00 3.406618E+00 3.265015E+00 3.188853E+00 3.014617E+00 2.613327E+00 2.078371E+00 1.703342E+00 1.460083E+00 1.276088E+00 1.125821E+00 1.007735E+00 9.309131E-01 9.812384E-01 
1.224680E+02 6.979795E+01 5.025189E+01 4.029123E+01 3.438199E+01 3.053575E+01 2.786936E+01 2.593492E+01 2.448446E+01 2.337471E+01 1.462540E+01 1.173662E+01 1.046950E+01 5.660261E+00 4.850240E+00 4.410950E+00 4.143644E+00 3.977380E+00 3.891803E+00 3.686482E+00 3.202096E+00 2.558489E+00 2.104016E+00 1.806399E+00 1.581391E+00 1.396904E+00 1.250769E+00 1.155308E+00 7.864553E-01 
1.618031E+02 9.253318E+01 6.677069E+01 5.360298E+01 4.580969E+01 4.078739E+01 3.736292E+01 3.493285E+01 3.315861E+01 3.183685E+01 2.027786E+01 1.685257E+01 1.550320E+01 9.161893E+00 8.089735E+00 7.524719E+00 7.197513E+00 7.021279E+00 6.965781E+00 6.612633E+00 5.711035E+00 4.464764E+00 3.612837E+00 3.097659E+00 2.744210E+00 2.459900E+00 2.237925E+00 2.094356E+00 1.074986E+00 
4.564518E+02 2.891640E+02 2.156830E+02 1.745430E+02 1.484546E+02 1.306079E+02 1.177596E+02 1.081653E+02 1.008057E+02 9.504355E+01 6.052493E+01 4.661963E+01 4.149986E+01 2.951370E+01 2.607294E+01 2.421378E+01 2.312516E+01 2.253198E+01 2.230865E+01 2.129776E+01 1.863142E+01 1.492407E+01 1.227992E+01 1.058281E+01 9.344586E+00 8.334607E+00 7.544632E+00 7.035415E+00 1.114102E+00 
2.660003E+02 1.596020E+02 1.165696E+02 9.354637E+01 7.940472E+01 6.996726E+01 6.330717E+01 5.841307E+01 5.470670E+01 5.183586E+01 3.268800E+01 2.563661E+01 2.288099E+01 1.471261E+01 1.286382E+01 1.186290E+01 1.127223E+01 1.094542E+01 1.080830E+01 1.031785E+01 9.047827E+00 7.311678E+00 6.076030E+00 5.263906E+00 4.648246E+00 4.143990E+00 3.748568E+00 3.495141E+00 9.280013E-01 
2.466197E+02 1.462161E+02 1.064325E+02 8.535382E+01 7.250370E+01 6.399038E+01 5.802879E+01 5.368776E+01 5.043313E+01 4.793975E+01 3.033494E+01 2.423640E+01 2.191327E+01 1.390070E+01 1.220582E+01 1.129856E+01 1.077317E+01 1.048698E+01 1.037873E+01 9.885832E+00 8.617685E+00 6.865719E+00 5.640951E+00 4.869010E+00 4.307322E+00 3.850900E+00 3.494468E+00 3.268363E+00 1.040421E+00 
1.958383E+02 1.135787E+02 8.219299E+01 6.590376E+01 5.613574E+01 4.976257E+01 4.536526E+01 4.220859E+01 3.987676E+01 3.811814E+01 2.422017E+01 1.982226E+01 1.814068E+01 1.107521E+01 9.762613E+00 9.067353E+00 8.663742E+00 8.445121E+00 8.371826E+00 7.957711E+00 6.894117E+00 5.425588E+00 4.412862E+00 3.790889E+00 3.355196E+00 3.003473E+00 2.728936E+00 2.552145E+00 1.042566E+00 
2.644907E+02 1.577128E+02 1.150335E+02 9.230991E+01 7.840760E+01 6.917165E+01 6.269026E+01 5.796265E+01 5.441397E+01 5.169299E+01 3.277917E+01 2.615352E+01 2.367517E+01 1.525310E+01 1.342354E+01 1.244970E+01 1.188425E+01 1.157796E+01 1.147282E+01 1.093658E+01 9.533929E+00 7.600640E+00 6.245364E+00 5.388170E+00 4.768965E+00 4.265933E+00 3.870987E+00 3.618985E+00 1.033689E+00 
1.898995E+02 1.103925E+02 7.986605E+01 6.398161E+01 5.441901E+01 4.814541E+01 4.378324E+01 4.061925E+01 3.824644E+01 3.642231E+01 2.294500E+01 1.835111E+01 1.644306E+01 9.966365E+00 8.718796E+00 8.050649E+00 7.659799E+00 7.445323E+00 7.373569E+00 7.042532E+00 6.168815E+00 4.967761E+00 4.119486E+00 3.564735E+00 3.139817E+00 2.793066E+00 2.513391E+00 2.334012E+00 1.122389E+00 
1.685575E+02 9.757449E+01 7.055689E+01 5.657712E+01 4.820311E+01 4.273280E+01 3.894036E+01 3.619357E+01 3.414317E+01 3.257999E+01 2.052396E+01 1.650823E+01 1.487012E+01 8.787832E+00 7.673659E+00 7.081088E+00 6.735351E+00 6.548980E+00 6.473497E+00 6.167245E+00 5.382373E+00 4.293842E+00 3.536034E+00 3.058040E+00 2.710105E+00 2.420907E+00 2.198867E+00 2.057092E+00 1.098077E+00 
1.661519E+02 9.544347E+01 6.889857E+01 5.525770E+01 4.713863E+01 4.186949E+01 3.824615E+01 3.564890E+01 3.373049E+01 3.228236E+01 2.042760E+01 1.670821E+01 1.520152E+01 8.972598E+00 7.874663E+00 7.288334E+00 6.948554E+00 6.763485E+00 6.692147E+00 6.360568E+00 5.523168E+00 4.356143E+00 3.553981E+00 3.063327E+00 2.710972E+00 2.428786E+00 2.210125E+00 2.072784E+00 9.515673E-01 
2.970451E+02 1.790661E+02 1.310894E+02 1.053041E+02 8.941907E+01 7.880569E+01 7.132059E+01 6.583512E+01 6.170035E+01 5.851757E+01 3.713946E+01 2.944360E+01 2.660447E+01 1.752601E+01 1.544413E+01 1.433350E+01 1.368748E+01 1.333773E+01 1.321806E+01 1.260665E+01 1.099473E+01 8.771368E+00 7.207558E+00 6.214654E+00 5.497047E+00 4.913788E+00 4.455883E+00 4.161806E+00 7.933415E-01 
