0.443813 0.121001 1.850240 1.845423 -0.003694
0.813593 0.096028 1.765433 1.433275 -0.043604
0.536604 0.046208 2.622629 1.963254 -0.036231
0.347649 0.163561 2.777863 2.293651 0.004806
0.771329 0.079674 1.554436 1.270432 0.007853
0.614343 0.445607 4.100957 1.673422 -0.011037
0.598091 0.065249 1.798983 2.182887 -0.088985
0.476401 0.050384 2.295360 2.801523 -0.103651
0.550500 0.616322 2.794668 0.703895 0.142161
0.660126 0.221932 2.608159 1.331749 0.033114
0.660115 0.049410 1.422119 1.347849 0.015757
0.298491 0.083549 1.926604 2.203675 -0.015714
0.691024 0.235679 2.637183 1.304418 -0.001048
0.591314 0.089208 1.873797 2.036831 -0.048529
0.643530 0.079915 1.422170 1.181776 0.021933
0.597344 0.252583 3.137907 3.478414 -0.184426
0.590778 0.201176 2.517084 1.944489 -0.102148
0.440198 0.348840 3.255511 2.226720 -0.041889
0.633121 0.079716 1.554210 1.808037 -0.051135
0.862440 0.138342 1.624714 0.758542 0.039743
0.583071 0.126566 2.061484 2.361829 -0.158957
0.654642 0.174455 2.135893 1.996566 -0.084152
0.736639 0.060918 1.861308 2.251543 -0.088029
0.498653 0.145694 2.392744 1.418001 0.069129
0.621473 0.191498 2.465806 1.663085 -0.010471
0.589391 0.325340 2.946065 1.195280 0.052953
0.589911 0.052497 1.380502 1.285419 0.034206
0.624148 0.107618 1.914020 1.946431 -0.136761
0.579911 0.475259 4.306126 2.010481 -0.040144
0.731394 0.207903 2.792437 1.563686 -0.063341
0.497302 0.275968 2.381679 1.078310 0.116851
0.621095 0.134351 1.834074 1.308731 0.016895
0.494913 0.245536 3.437164 2.794281 -0.102689
0.499446 0.285311 2.737126 1.421080 0.017784
0.706424 0.107470 2.583535 1.834391 -0.091214
0.568892 0.538113 3.731123 2.353283 -0.099137
0.683628 0.437907 2.649775 0.951744 0.078164
0.742252 0.491097 2.512768 1.100683 0.024148
0.763102 0.572136 3.129413 1.058593 0.027586
0.572396 1.017616 4.439938 2.115816 -0.092980
0.606591 0.088539 2.229072 1.857283 -0.046510
0.471058 0.228769 2.799008 1.903084 -0.071677
0.679821 0.176084 3.156969 3.226868 -0.191852
0.671627 0.055035 2.532625 1.737279 -0.033959
0.669843 0.093994 1.798767 1.473465 -0.050704
0.566437 0.144029 2.227754 1.946795 -0.039513
0.582283 0.065604 2.144885 2.189750 -0.127541
0.491634 0.127743 2.665221 3.507642 -0.129440
0.686973 0.159256 2.057918 1.397433 -0.023567
0.542022 0.064211 2.014964 1.512912 0.019303
0.586975 0.126820 2.202661 1.742653 -0.029770
0.647359 0.153384 2.136418 1.307672 0.035461
0.767337 0.160821 2.168718 1.782760 -0.085452
0.416643 0.094942 2.009465 1.200259 0.095830
0.747630 0.136400 3.282933 3.973719 -0.244051
0.607852 0.159629 3.097934 3.793691 -0.202817
0.509374 0.059521 1.870424 1.822290 -0.025754
0.527506 0.400970 2.717019 1.340011 0.014304
0.741972 0.261486 3.124481 1.870134 -0.062269
0.468350 0.139321 1.925690 1.764996 -0.000575
0.673877 0.227361 3.033853 1.612698 -0.020919
0.483084 0.180493 2.772578 1.836762 -0.042831
0.551431 0.159312 1.963520 0.939493 0.111154
0.872664 0.073755 1.761075 2.023321 -0.141360
0.632855 0.132818 2.508382 2.027669 -0.059343
0.372299 0.243814 3.315988 3.352790 -0.111524
0.388750 0.167079 2.833770 2.795627 -0.067363
0.589391 0.130998 2.282877 2.700503 -0.143772
0.560660 0.036106 2.836196 1.999942 -0.036897
0.628578 0.103348 1.523868 1.441939 0.020520
0.647153 0.054211 2.235762 2.539693 -0.170770
0.342412 0.146479 2.629495 1.941637 0.041068
0.677285 0.478530 3.123744 1.258160 0.027637
0.609906 0.105135 2.110328 1.521777 -0.023677
0.649832 0.215720 4.006036 3.174588 -0.179687
0.546809 0.154861 2.285165 1.189855 0.075804
0.678557 0.049656 2.296644 3.465944 -0.280081
0.545462 0.381706 2.335841 0.981940 0.108626
0.687195 0.068926 1.977355 1.804927 -0.011441
0.470951 0.146876 2.039697 2.019514 -0.018712
0.345735 0.082535 2.122619 2.076770 0.021987
0.600905 0.068457 2.000753 1.589186 -0.055255
0.503948 0.097455 1.885315 2.005048 -0.037704
0.777464 0.221032 2.504545 1.555309 -0.057201
0.494434 0.103619 2.927370 1.724423 0.000509
0.582892 0.242962 2.984829 1.444121 -0.021614
0.679108 0.230184 2.461399 1.599409 -0.021446
0.612040 0.384056 2.898921 1.808459 -0.085859
0.588208 0.066802 2.103292 2.243955 -0.052482
0.528220 0.132820 2.519611 1.468082 -0.019234
0.593438 0.130488 2.987273 1.791243 -0.041635
0.451405 0.224178 3.817403 2.807746 -0.067712
0.678084 0.096324 1.472793 0.970140 0.061156
0.440110 0.103396 1.932554 1.575206 0.050308
0.712959 0.147505 2.175378 1.445268 -0.030946
0.587205 0.159686 2.496845 1.376589 0.038247
0.541795 0.075469 1.596597 1.696915 -0.006654
0.526245 0.044114 1.556922 1.869773 -0.012690
0.617498 0.072262 2.211982 1.846881 -0.051989
0.530053 0.103187 2.256407 1.846557 -0.034351
0.473551 0.254006 2.888409 1.514243 0.039148
0.603265 0.191359 2.162918 1.702078 -0.000235
0.726685 0.402614 3.324831 1.443488 -0.053779
0.373203 0.127792 2.337226 2.058665 0.000817
0.631647 0.259362 2.889666 2.067459 -0.133915
0.737168 0.218640 2.462118 1.336006 -0.027171
0.548308 0.114828 2.010824 2.192873 -0.076181
0.483292 0.256474 2.792630 1.659728 -0.030605
0.671021 0.174520 1.549841 0.684259 0.133954
0.577005 0.184266 2.128802 1.812950 -0.066225
0.514533 0.148317 2.900226 1.647442 -0.012171
0.397464 0.263963 3.525125 2.630903 -0.052735
0.557455 0.128058 2.070355 1.777109 -0.013958
0.583742 0.219427 2.686196 1.430695 0.046563
0.565962 0.414046 3.364006 1.500194 0.005744
0.406709 0.081314 1.849364 1.479733 0.028664
0.606241 0.171103 2.348355 1.986772 -0.057281
0.806460 0.198539 2.064475 1.325382 -0.024282
0.712773 0.293936 2.711798 1.393230 -0.008424
0.583146 0.343669 2.454521 1.198837 0.061979
0.482912 0.196484 2.700917 1.884748 -0.028248
0.720152 0.102450 3.513996 2.383322 -0.139109
0.677521 0.332679 2.897067 2.088452 -0.140897
0.583788 0.130180 2.606910 1.356920 0.029898
0.633749 0.175652 3.067719 3.306394 -0.209747
0.638135 0.174909 2.378351 1.516789 -0.025453
0.527283 0.110799 1.993037 1.762762 -0.047986
0.377114 0.101723 2.020135 1.899123 0.029455
0.654715 0.282182 2.329526 1.503566 0.011525
0.574371 0.140209 2.594017 2.125999 -0.073577
0.605350 0.174390 2.428168 1.552538 0.006991
0.473020 0.090740 2.166453 1.819123 -0.023528
0.609834 0.285343 2.730538 1.494668 -0.002728
0.631909 0.101722 3.384432 1.963119 -0.054013
0.570980 0.310275 2.254800 1.331461 0.033747
0.589136 0.561511 2.708553 0.780888 0.152253
0.570550 0.048753 1.544241 1.617506 -0.017532
0.676374 0.197621 1.912917 1.127158 0.058784
0.599107 0.067351 2.250469 2.844931 -0.129027
0.706822 0.273882 2.522187 1.377941 -0.004373
0.479555 0.253164 2.772357 1.757884 -0.005006
0.528722 0.053830 1.806841 2.243144 -0.063119
0.482444 0.130713 2.230781 2.087267 -0.009232
0.746912 0.265325 2.060426 1.137842 -0.003147
0.722163 0.087340 2.335501 3.553454 -0.242750
0.632234 0.191081 2.723188 2.319217 -0.094823
0.845471 0.321422 1.979128 0.518798 0.098487
0.503119 0.189936 2.298133 1.304584 0.037087
0.639221 0.050325 2.106535 2.539836 -0.129445
0.763713 0.228582 2.996085 1.952516 -0.114761
0.502180 0.108812 2.441857 1.799053 -0.000280
0.583301 0.141394 1.945483 2.032141 -0.058594
0.644343 0.173956 2.329952 1.801532 -0.074141
0.628560 0.082158 1.959884 1.407550 -0.017568
0.541621 0.451921 2.971623 1.131823 0.064903
0.661989 0.081559 1.882937 2.104063 -0.094166
0.480443 0.128176 2.557367 2.250532 -0.040435
0.841326 0.224414 2.543823 1.212778 -0.053167
0.708685 0.123664 2.272939 0.792470 0.097667
0.716487 0.104047 2.642694 2.216491 -0.121207
0.593589 0.188775 2.301618 1.487006 -0.006649
0.687076 0.156911 2.416928 1.773923 -0.025343
0.450048 0.221300 2.556210 1.693310 0.003664
0.624859 0.167779 2.996785 3.431667 -0.231013
0.771329 0.079674 1.554436 1.270432 0.007853
0.558183 0.241076 2.971663 2.185239 -0.056705
0.697696 0.101065 1.925792 1.332423 0.006567
0.597118 0.070645 2.338487 2.676092 -0.123481
0.414989 0.139330 2.715164 1.675134 0.034667
0.780761 0.065558 1.768281 1.829527 -0.084113
0.632983 0.353878 2.061830 0.696788 0.151503
0.708073 0.059191 1.792199 1.360187 0.021202
0.399221 0.109064 2.714698 2.348749 -0.026217
0.728295 0.252892 2.406771 1.279243 0.011888
0.607665 0.202296 2.471938 1.584090 -0.030509
0.555740 0.227095 2.740830 2.076755 -0.026391
0.730676 0.066293 3.009253 2.410925 -0.157460
0.510904 0.002913 1.990765 1.585519 0.034411
0.353927 0.252358 2.514686 1.573479 0.077407
0.456706 0.111141 2.021590 2.362638 -0.082303
0.856825 0.356180 2.128744 1.021954 0.002283
0.879441 0.219129 2.139902 1.644009 -0.077305
0.347540 0.066283 2.357457 3.310636 -0.070064
0.541242 0.367316 3.052844 2.124303 -0.088662
0.583847 0.141897 2.288669 1.662098 -0.024612
0.564471 0.110771 2.728442 1.808039 -0.017688
0.683185 0.047637 2.108297 2.484119 -0.110111
0.460921 0.093299 2.057192 2.157364 -0.040189
0.599107 0.067351 2.250469 2.844931 -0.129027
0.530487 0.080131 2.546601 3.105625 -0.117617
0.650909 0.313811 2.945100 1.616614 -0.041508
0.614074 0.220115 2.196713 1.080453 0.020616
0.362602 0.135986 2.739982 2.490355 -0.034406
0.503923 0.869985 4.187796 3.091231 -0.183298
0.618470 0.082941 3.530912 2.582804 -0.153002
0.661247 0.316069 2.928587 1.409149 0.026620
0.592645 0.210700 2.265543 1.217443 0.075793
0.583022 0.324433 2.431363 1.037738 0.095283
0.515201 0.206004 2.327033 1.044869 0.095395
0.557248 0.038715 2.248253 1.539722 0.011804
0.417091 0.222787 2.451332 1.549600 0.061685
0.593160 0.211686 2.305186 1.746740 -0.018203
0.694726 0.188918 2.340071 1.961018 -0.092421
0.460353 0.127759 2.338155 2.028146 -0.022378
0.554634 0.136413 2.084246 1.969705 -0.040236
0.411790 0.189897 2.790185 2.154018 -0.041531
0.690094 0.158412 2.467653 1.614862 -0.041234
0.496690 0.113604 2.563602 2.186034 -0.015371
0.500126 0.261232 2.438311 1.435356 0.027615
0.770738 0.198656 2.887626 1.606012 -0.066795
0.670902 0.256622 2.951751 1.546215 -0.011511
0.639533 0.144646 2.938616 1.820480 -0.066089
0.690083 0.159648 2.310057 1.886436 -0.063256
0.758086 0.091442 1.858887 1.441838 -0.020053
0.672333 0.095068 1.545437 1.424819 -0.023892
0.781965 0.193523 2.713554 2.097759 -0.142199
0.520159 0.204607 2.421264 2.709386 -0.087154
0.530020 0.138764 2.488745 2.224977 -0.047652
0.574068 0.175108 2.861519 2.060180 -0.068364
0.587756 0.144312 3.224790 3.704650 -0.225469
0.653908 0.104253 2.594425 2.008574 -0.091692
0.613775 0.400829 3.180713 2.057307 -0.074904
0.490980 0.209475 2.742950 1.767725 -0.020478
0.646013 0.140001 2.044849 1.387432 0.022055
0.534361 0.154638 2.666531 1.558527 0.004841
0.527493 0.119314 2.469410 1.944315 -0.060207
0.384336 0.082640 2.132762 2.073437 0.005856
0.644865 0.093110 1.749752 1.560196 -0.019692
0.679610 0.043250 1.914845 1.808726 -0.077302
0.663063 0.224310 1.971123 1.254189 0.006182
0.834453 0.217045 1.641057 0.832290 0.049665
0.523707 0.075551 2.184981 2.511882 -0.107882
0.637932 0.130577 1.989497 1.348638 0.019580
0.866667 0.078869 1.573349 0.742946 0.070081
0.626322 0.122293 2.034269 2.066193 -0.094320
0.648121 0.088592 1.733823 1.270584 0.073740
0.558917 0.114618 2.947342 2.210356 -0.041215
0.513742 0.165582 2.286934 1.913436 -0.049252
0.493821 0.225700 3.111021 2.335886 -0.046868
0.724099 0.211679 2.991706 1.525191 -0.031202
0.576944 0.105972 1.822664 1.404315 0.014610
0.647247 0.195165 2.777846 1.736331 -0.093133
0.474897 0.126583 2.455327 1.999058 -0.042417
0.442053 0.133661 2.033521 1.583720 0.039622
0.578324 0.288603 2.491010 1.615647 0.005107
0.590286 0.084862 2.423863 2.070901 -0.071350
0.664163 0.237137 2.635325 2.274760 -0.123008
0.454054 0.084682 2.393615 2.643876 -0.112217
0.719863 0.092904 2.407962 2.421190 -0.099503
0.484296 0.104590 2.526002 3.429910 -0.143242
0.613556 0.409418 3.213718 1.516180 0.026298
0.486394 0.122248 2.044035 1.647307 -0.004633
0.501921 0.076643 2.119487 2.310057 -0.051264
0.735541 0.054387 1.952281 2.232382 -0.131972
0.693051 0.456399 2.902955 1.412660 -0.007822
0.572084 0.143469 2.318685 2.319778 -0.108099
0.537070 0.261634 2.403319 1.354358 0.044395
0.587756 0.144312 3.224790 3.704650 -0.225469
0.520198 0.329020 2.764591 1.858508 -0.041709
0.431483 0.196265 3.286975 3.479103 -0.140698
0.566532 0.949069 4.300290 1.179897 0.049715
0.630482 0.128700 2.376051 2.682715 -0.134833
0.471235 0.297083 2.604218 1.580425 0.038644
0.517828 0.199204 2.736217 1.515417 0.040385
0.594417 0.242829 2.946785 2.229290 -0.081976
0.510041 0.162788 2.469956 1.783975 -0.019471
0.715391 0.182492 2.281468 1.252995 0.000065
0.549956 0.108296 2.841049 2.655041 -0.135232
0.815686 0.228901 3.149570 1.465660 -0.021229
0.593577 0.182229 2.392993 1.588650 -0.012777
0.729021 0.077687 1.405064 1.485204 -0.051915
0.796196 0.227324 2.636500 1.381872 -0.038548
0.460668 0.350631 2.764005 0.913789 0.160054
0.490334 0.308338 2.678638 1.259448 0.080046
0.522747 0.036138 2.232335 3.726735 -0.197101
0.398204 0.113419 2.251615 3.313169 -0.126035
0.598414 0.198399 3.153885 3.566063 -0.207192
0.553229 0.166062 2.257351 1.622176 -0.015426
0.683962 0.198054 2.231365 1.853657 -0.081910
0.438483 0.238054 2.837021 2.035760 -0.039566
0.622724 0.176467 2.615737 2.463445 -0.155282
0.387380 0.208340 2.064654 1.302046 0.068302
0.476248 0.300550 3.210220 2.241706 -0.112167
0.341368 0.034026 2.445510 3.850789 -0.165673
0.560491 0.058789 1.451752 0.952390 0.049665
0.387921 0.070507 2.683295 3.619224 -0.091406
0.739157 0.185471 2.742808 1.553594 -0.091525
0.735701 0.104348 2.837797 1.858604 -0.086522
0.491176 0.287724 3.110023 2.333369 -0.056341
0.615899 0.109522 2.847442 1.835922 -0.045855
0.452595 0.206450 3.318442 2.107291 -0.044192
0.719902 0.224479 1.810933 1.280761 0.011103
0.337695 0.108966 2.125494 2.028994 0.001976
0.627007 0.377360 2.764220 1.379340 0.004461
0.397930 0.154822 2.802859 2.039259 -0.047551
0.728895 0.309093 2.828805 1.819745 -0.052549
0.617832 0.071741 2.684471 1.411416 0.017377
0.660950 0.123997 2.194157 1.428473 0.006913
0.629175 0.136547 2.997147 3.802654 -0.209348
0.505230 0.146678 2.584309 2.537787 -0.107627
