0.694747 7.872010 7.413092
0.406052 2.575261 9.307979
0.514421 5.477329 7.672505
0.487257 4.472433 8.565797
0.613556 8.457349 8.850884
0.469121 0.492024 6.581116
0.494235 0.486709 5.416345
0.590146 0.790035 4.905813
0.288296 2.999485 6.582016
0.459464 9.172811 8.134574
0.500399 4.363303 9.456150
0.611346 0.212792 4.139302
0.494235 0.486709 5.416345
0.671953 3.354391 6.046600
0.498393 2.174428 9.546679
0.638755 0.733543 4.872255
0.724821 8.370123 8.987172
0.495813 1.301554 5.774403
0.617667 1.093176 4.889535
0.551497 0.160747 2.201833
0.416259 2.050903 8.008826
0.487257 4.472433 8.565797
0.501809 6.350769 7.042827
0.436278 0.046874 0.998321
0.436278 0.046874 0.998321
0.416416 4.101125 7.614408
0.495813 1.301554 5.774403
0.613556 8.457349 8.850884
0.487257 4.472433 8.565797
0.372232 8.660690 8.101833
0.372232 8.660690 8.101833
0.416259 2.050903 8.008826
0.511287 4.618771 8.311026
0.482991 0.104476 1.777712
0.617199 7.656372 7.962071
0.541902 0.105031 2.102838
0.433482 2.728098 8.517395
0.545250 1.251465 8.899177
0.611346 0.212792 4.139302
0.661632 9.085280 9.344238
0.482991 0.104476 1.777712
0.469121 0.492024 6.581116
0.325523 1.041302 8.646924
0.694283 5.211129 8.524267
0.573681 0.093594 2.027333
0.378180 0.312877 3.407394
0.426839 1.142058 4.944184
0.781862 0.990996 5.920319
0.482991 0.104476 1.777712
0.661632 9.085280 9.344238
0.500399 4.363303 9.456150
0.524654 0.273139 8.497737
0.724821 8.370123 8.987172
0.627372 0.544423 3.717870
0.318890 5.529510 7.597578
0.661632 9.085280 9.344238
0.272890 4.525893 6.715587
0.318890 5.529510 7.597578
0.455292 0.453599 4.684908
0.563304 2.049137 6.284802
0.426839 1.142058 4.944184
0.580072 1.816357 8.675516
0.498393 2.174428 9.546679
0.537150 2.423257 8.083832
0.563304 2.049137 6.284802
0.432554 2.643268 6.644132
0.500399 4.363303 9.456150
0.781862 0.990996 5.920319
0.573681 0.093594 2.027333
0.573681 0.093594 2.027333
0.495813 1.301554 5.774403
0.726864 1.200995 6.674193
0.455502 0.450833 5.437330
0.498393 2.174428 9.546679
0.568116 9.603040 9.143197
0.378180 0.312877 3.407394
0.650422 0.133175 2.072072
0.673741 5.955129 7.431443
0.650422 0.133175 2.072072
0.696277 0.853703 7.065202
0.420943 1.849424 7.145937
0.617649 2.843053 7.255567
0.318890 5.529510 7.597578
0.627372 0.544423 3.717870
0.551948 0.786698 5.658783
0.422055 4.363221 7.211377
0.378180 0.312877 3.407394
0.417720 9.161120 8.607225
0.694283 5.211129 8.524267
0.537150 2.423257 8.083832
0.629007 5.921438 8.521414
0.436278 0.046874 0.998321
0.704616 3.938516 8.695734
0.495813 1.301554 5.774403
0.694283 5.211129 8.524267
0.506324 2.550624 7.948806
0.541902 0.105031 2.102838
0.406052 2.575261 9.307979
0.577105 3.158028 7.211825
0.726864 1.200995 6.674193
0.531659 6.020333 8.005893
0.694283 5.211129 8.524267
0.531659 6.020333 8.005893
0.580072 1.816357 8.675516
0.469121 0.492024 6.581116
0.372232 8.660690 8.101833
0.577105 3.158028 7.211825
0.420943 1.849424 7.145937
0.584380 9.864762 9.161749
0.627372 0.544423 3.717870
0.629007 5.921438 8.521414
0.441772 0.753967 4.568201
0.676186 5.156213 8.287716
0.549017 3.851149 7.404871
0.506324 2.550624 7.948806
0.436278 0.046874 0.998321
0.629007 5.921438 8.521414
0.487257 4.472433 8.565797
0.463981 0.962125 7.857108
0.628285 1.433337 5.239157
0.719481 9.631992 7.543116
0.613556 8.457349 8.850884
0.617667 1.093176 4.889535
0.463981 0.962125 7.857108
0.494235 0.486709 5.416345
0.676186 5.156213 8.287716
0.288296 2.999485 6.582016
0.724821 8.370123 8.987172
0.519703 0.656375 4.024128
0.661632 9.085280 9.344238
0.537150 2.423257 8.083832
0.420943 1.849424 7.145937
0.482687 4.869633 9.062023
0.724821 8.370123 8.987172
0.506324 2.550624 7.948806
0.482687 4.869633 9.062023
0.514421 5.477329 7.672505
0.584380 9.864762 9.161749
0.613860 0.045697 1.666206
0.322809 5.643955 8.389099
0.548164 0.187128 2.305796
0.586976 0.615900 4.624865
0.694747 7.872010 7.413092
0.730160 0.403755 3.858644
0.651225 5.311393 7.761152
0.318890 5.529510 7.597578
0.590146 0.790035 4.905813
0.393809 3.102376 7.339759
0.322809 5.643955 8.389099
0.551497 0.160747 2.201833
0.524654 0.273139 8.497737
0.406052 2.575261 9.307979
0.651225 5.311393 7.761152
0.551948 0.786698 5.658783
0.730160 0.403755 3.858644
0.500399 4.363303 9.456150
0.503765 2.348522 6.763976
0.611346 0.212792 4.139302
0.422055 4.363221 7.211377
0.613860 0.045697 1.666206
0.694283 5.211129 8.524267
0.587103 0.183640 2.757324
0.726864 1.200995 6.674193
0.627372 0.544423 3.717870
0.590146 0.790035 4.905813
0.548164 0.187128 2.305796
0.494235 0.486709 5.416345
0.482991 0.104476 1.777712
0.433482 2.728098 8.517395
0.455502 0.450833 5.437330
0.616634 6.252224 8.712175
0.650422 0.133175 2.072072
0.551497 0.160747 2.201833
0.463981 0.962125 7.857108
0.725217 4.662025 7.554797
0.406052 2.575261 9.307979
0.463981 0.962125 7.857108
0.325523 1.041302 8.646924
0.422055 4.363221 7.211377
0.318890 5.529510 7.597578
0.613860 0.045697 1.666206
0.463981 0.962125 7.857108
0.696277 0.853703 7.065202
0.620081 8.436878 6.789966
0.611346 0.212792 4.139302
0.577105 3.158028 7.211825
0.550335 0.102130 2.164999
0.651225 5.311393 7.761152
0.704616 3.938516 8.695734
0.322809 5.643955 8.389099
0.656402 2.474204 9.293644
0.656402 2.474204 9.293644
0.611346 0.212792 4.139302
0.694747 7.872010 7.413092
0.590146 0.790035 4.905813
0.416259 2.050903 8.008826
0.629007 5.921438 8.521414
0.272890 4.525893 6.715587
0.563304 2.049137 6.284802
0.551948 0.786698 5.658783
0.436278 0.046874 0.998321
0.503765 2.348522 6.763976
0.372232 8.660690 8.101833
0.393809 3.102376 7.339759
0.726864 1.200995 6.674193
0.545250 1.251465 8.899177
0.626486 3.036988 6.542675
0.719481 9.631992 7.543116
0.469121 0.492024 6.581116
0.533092 0.344101 3.368725
0.611346 0.212792 4.139302
0.501809 6.350769 7.042827
0.628285 1.433337 5.239157
0.613556 8.457349 8.850884
0.548164 0.187128 2.305796
0.533092 0.344101 3.368725
0.629007 5.921438 8.521414
0.781862 0.990996 5.920319
0.696277 0.853703 7.065202
0.500399 4.363303 9.456150
0.521726 9.186747 8.589224
0.288296 2.999485 6.582016
0.719481 9.631992 7.543116
0.587103 0.183640 2.757324
0.568116 9.603040 9.143197
0.322809 5.643955 8.389099
0.506324 2.550624 7.948806
0.650422 0.133175 2.072072
0.736883 4.648143 6.492173
0.495813 1.301554 5.774403
0.372232 8.660690 8.101833
0.628285 1.433337 5.239157
0.586976 0.615900 4.624865
0.533092 0.344101 3.368725
0.463981 0.962125 7.857108
0.656402 2.474204 9.293644
0.671953 3.354391 6.046600
0.288296 2.999485 6.582016
0.530862 4.073536 8.353407
0.730160 0.403755 3.858644
0.455292 0.453599 4.684908
0.719481 9.631992 7.543116
0.676186 5.156213 8.287716
0.426839 1.142058 4.944184
0.393809 3.102376 7.339759
0.548164 0.187128 2.305796
0.687902 8.113525 7.591667
0.568116 9.603040 9.143197
0.568116 9.603040 9.143197
0.577105 3.158028 7.211825
0.503765 2.348522 6.763976
0.590146 0.790035 4.905813
0.620081 8.436878 6.789966
0.613556 8.457349 8.850884
0.627372 0.544423 3.717870
0.531659 6.020333 8.005893
0.656402 2.474204 9.293644
0.551948 0.786698 5.658783
0.322809 5.643955 8.389099
0.725217 4.662025 7.554797
0.563304 2.049137 6.284802
0.545250 1.251465 8.899177
0.613860 0.045697 1.666206
0.563304 2.049137 6.284802
0.501809 6.350769 7.042827
0.546634 0.343447 2.285343
0.506324 2.550624 7.948806
0.537150 2.423257 8.083832
0.730160 0.403755 3.858644
0.694283 5.211129 8.524267
0.587103 0.183640 2.757324
0.372232 8.660690 8.101833
0.673741 5.955129 7.431443
0.408930 2.258990 6.221774
0.545250 1.251465 8.899177
0.288296 2.999485 6.582016
0.426839 1.142058 4.944184
0.533092 0.344101 3.368725
0.587103 0.183640 2.757324
0.676186 5.156213 8.287716
0.501809 6.350769 7.042827
0.503765 2.348522 6.763976
0.620081 8.436878 6.789966
0.661632 9.085280 9.344238
0.511287 4.618771 8.311026
0.432554 2.643268 6.644132
0.537150 2.423257 8.083832
0.617667 1.093176 4.889535
0.726864 1.200995 6.674193
0.459464 9.172811 8.134574
0.671953 3.354391 6.046600
0.626486 3.036988 6.542675
0.551948 0.786698 5.658783
0.459464 9.172811 8.134574
0.417720 9.161120 8.607225
0.696277 0.853703 7.065202
0.500399 4.363303 9.456150
0.426839 1.142058 4.944184
0.620081 8.436878 6.789966
0.617649 2.843053 7.255567
0.416416 4.101125 7.614408
0.433482 2.728098 8.517395
0.650422 0.133175 2.072072
0.719481 9.631992 7.543116
0.395760 0.241977 3.493862
0.629007 5.921438 8.521414
0.318890 5.529510 7.597578
0.551948 0.786698 5.658783
0.617649 2.843053 7.255567
0.550335 0.102130 2.164999
0.568116 9.603040 9.143197
0.436278 0.046874 0.998321
0.577105 3.158028 7.211825
0.577105 3.158028 7.211825
0.459464 9.172811 8.134574
0.395760 0.241977 3.493862
0.524654 0.273139 8.497737
0.551497 0.160747 2.201833
0.463981 0.962125 7.857108
0.719481 9.631992 7.543116
0.611346 0.212792 4.139302
0.482687 4.869633 9.062023
0.628285 1.433337 5.239157
0.590146 0.790035 4.905813
0.724821 8.370123 8.987172
0.568116 9.603040 9.143197
0.503765 2.348522 6.763976
0.650422 0.133175 2.072072
0.551497 0.160747 2.201833
0.494235 0.486709 5.416345
0.626486 3.036988 6.542675
0.408930 2.258990 6.221774
0.676186 5.156213 8.287716
0.482991 0.104476 1.777712
0.288296 2.999485 6.582016
0.372232 8.660690 8.101833
0.627372 0.544423 3.717870
0.696277 0.853703 7.065202
0.498393 2.174428 9.546679
0.580072 1.816357 8.675516
0.322809 5.643955 8.389099
0.584380 9.864762 9.161749
0.420943 1.849424 7.145937
0.288296 2.999485 6.582016
0.726864 1.200995 6.674193
0.704616 3.938516 8.695734
0.550335 0.102130 2.164999
0.656402 2.474204 9.293644
0.408930 2.258990 6.221774
0.530862 4.073536 8.353407
0.650422 0.133175 2.072072
0.651225 5.311393 7.761152
0.495813 1.301554 5.774403
0.577105 3.158028 7.211825
0.272890 4.525893 6.715587
0.420943 1.849424 7.145937
0.551497 0.160747 2.201833
0.441772 0.753967 4.568201
0.500399 4.363303 9.456150
0.629007 5.921438 8.521414
0.673741 5.955129 7.431443
0.441772 0.753967 4.568201
0.638755 0.733543 4.872255
0.436278 0.046874 0.998321
0.650422 0.133175 2.072072
0.530862 4.073536 8.353407
0.587103 0.183640 2.757324
0.416416 4.101125 7.614408
0.506324 2.550624 7.948806
0.611346 0.212792 4.139302
0.587103 0.183640 2.757324
0.580072 1.816357 8.675516
0.638755 0.733543 4.872255
0.501809 6.350769 7.042827
0.781862 0.990996 5.920319
0.459464 9.172811 8.134574
0.661632 9.085280 9.344238
0.580072 1.816357 8.675516
0.455292 0.453599 4.684908
0.500399 4.363303 9.456150
0.406052 2.575261 9.307979
0.272890 4.525893 6.715587
0.482991 0.104476 1.777712
0.494235 0.486709 5.416345
0.459464 9.172811 8.134574
0.546634 0.343447 2.285343
0.617649 2.843053 7.255567
0.617667 1.093176 4.889535
0.661632 9.085280 9.344238
0.616634 6.252224 8.712175
0.395760 0.241977 3.493862
0.372232 8.660690 8.101833
0.537150 2.423257 8.083832
0.781862 0.990996 5.920319
0.587103 0.183640 2.757324
0.620081 8.436878 6.789966
0.715487 0.191953 3.131391
0.395760 0.241977 3.493862
0.656402 2.474204 9.293644
0.395760 0.241977 3.493862
0.436278 0.046874 0.998321
0.577105 3.158028 7.211825
0.611346 0.212792 4.139302
0.469121 0.492024 6.581116
0.441772 0.753967 4.568201
0.638755 0.733543 4.872255
0.642436 2.932812 6.953585
0.432554 2.643268 6.644132
0.455292 0.453599 4.684908
0.498393 2.174428 9.546679
0.611346 0.212792 4.139302
0.378180 0.312877 3.407394
0.568116 9.603040 9.143197
0.696277 0.853703 7.065202
0.568116 9.603040 9.143197
0.725217 4.662025 7.554797
0.322809 5.643955 8.389099
0.469121 0.492024 6.581116
0.521726 9.186747 8.589224
0.577105 3.158028 7.211825
0.620081 8.436878 6.789966
0.487257 4.472433 8.565797
0.455292 0.453599 4.684908
0.715487 0.191953 3.131391
0.288296 2.999485 6.582016
0.611346 0.212792 4.139302
0.482991 0.104476 1.777712
0.586976 0.615900 4.624865
0.378180 0.312877 3.407394
0.549017 3.851149 7.404871
0.580072 1.816357 8.675516
0.616634 6.252224 8.712175
0.463981 0.962125 7.857108
0.548164 0.187128 2.305796
0.628285 1.433337 5.239157
0.514421 5.477329 7.672505
0.482991 0.104476 1.777712
0.494235 0.486709 5.416345
0.378180 0.312877 3.407394
0.626486 3.036988 6.542675
0.781862 0.990996 5.920319
0.463981 0.962125 7.857108
0.573681 0.093594 2.027333
0.420943 1.849424 7.145937
0.617667 1.093176 4.889535
0.420943 1.849424 7.145937
0.501809 6.350769 7.042827
0.519703 0.656375 4.024128
0.514421 5.477329 7.672505
0.617667 1.093176 4.889535
0.692496 6.322914 8.472923
0.531659 6.020333 8.005893
0.432554 2.643268 6.644132
0.577105 3.158028 7.211825
0.422055 4.363221 7.211377
0.524654 0.273139 8.497737
0.679426 0.050611 2.603827
0.694747 7.872010 7.413092
0.629007 5.921438 8.521414
0.519703 0.656375 4.024128
0.498393 2.174428 9.546679
0.500399 4.363303 9.456150
0.498393 2.174428 9.546679
0.551948 0.786698 5.658783
0.724821 8.370123 8.987172
0.498393 2.174428 9.546679
0.628285 1.433337 5.239157
0.656402 2.474204 9.293644
0.580072 1.816357 8.675516
0.696277 0.853703 7.065202
0.694747 7.872010 7.413092
0.426839 1.142058 4.944184
0.487257 4.472433 8.565797
0.386675 8.660568 9.653342
0.524654 0.273139 8.497737
0.694283 5.211129 8.524267
0.620081 8.436878 6.789966
0.580072 1.816357 8.675516
0.586976 0.615900 4.624865
0.455502 0.450833 5.437330
0.417720 9.161120 8.607225
0.627372 0.544423 3.717870
0.661632 9.085280 9.344238
0.459464 9.172811 8.134574
0.651225 5.311393 7.761152
0.436278 0.046874 0.998321
0.671953 3.354391 6.046600
0.422055 4.363221 7.211377
0.531659 6.020333 8.005893
0.696277 0.853703 7.065202
0.548164 0.187128 2.305796
0.715487 0.191953 3.131391
0.420943 1.849424 7.145937
0.531659 6.020333 8.005893
0.521726 9.186747 8.589224
0.611346 0.212792 4.139302
0.616634 6.252224 8.712175
0.545250 1.251465 8.899177
0.318890 5.529510 7.597578
0.696277 0.853703 7.065202
