-0.429981 -0.363713
-0.740063 -0.814004
-1.088003 -1.346471
-0.942029 -1.237287
0.265829 -0.151654
-0.856171 -0.921665
-0.015852 -0.209756
-0.935003 -0.838639
-1.048627 -0.902827
-0.387743 -0.099897
-0.104482 -0.153624
0.212312 -0.102012
0.032037 -0.094643
-0.082354 -0.125573
-0.876977 -1.220558
0.237488 -0.097230
-0.103603 -0.185422
-0.081134 -0.233462
-0.844165 -0.941823
-1.208457 -1.309095
-0.177849 -0.144411
-1.082749 -1.403737
-1.275599 -1.408973
-1.187959 -1.308412
-1.381244 -1.518819
-1.171057 -1.361383
0.072295 -0.104670
0.055151 -0.130870
-0.773132 -0.895394
-0.224901 -0.145478
-1.221995 -1.381043
-0.164243 -0.169185
0.167226 -0.115056
-1.156114 -1.231051
-0.412449 -0.573540
-1.212781 -1.318543
-0.955816 -1.486960
-0.802900 -0.787744
0.109236 0.053663
-0.063420 -0.038829
-1.162357 -1.382431
-1.082379 -1.429142
-1.124904 -1.236843
-0.694675 -0.915830
-0.185740 -0.117098
-0.884752 -1.289787
-0.688492 -0.811593
0.361741 0.348853
-1.343836 -1.420306
-0.013834 -0.118112
-0.876526 -1.244319
-0.207696 -0.155062
-0.147350 -0.095303
-0.278407 -0.143538
-1.045641 -1.379749
-0.070660 -0.099920
-1.628928 -1.678167
-0.756231 -0.801406
-0.258370 -0.176121
-0.887217 -1.326578
-0.616960 -0.644312
-1.076143 -1.309530
-1.085703 -1.404632
-0.922350 -1.292260
-0.783529 -0.973034
-0.680647 -0.653185
-1.115863 -1.343732
-0.029614 -0.132166
-0.114185 -0.122036
-0.222060 -0.155704
-0.078618 0.031085
0.054323 -0.189933
-0.793624 -1.274247
-0.977978 -1.336667
-0.862140 -1.314820
-0.911126 -1.436182
-0.851801 -0.827368
-1.135132 -1.461309
-1.183356 -1.378052
0.076319 -0.091455
-0.136679 -0.140297
-0.166940 -0.106884
-0.982868 -1.330971
-1.062820 -1.356697
-0.963728 -1.452941
-0.528729 -0.475983
-0.071419 -0.171740
-1.143589 -1.229903
-0.000026 -0.183530
-0.931152 -1.328186
-0.446122 -0.633974
-0.997676 -0.913107
-0.131488 -0.047395
0.106041 -0.045364
-0.246583 -0.301835
0.066404 -0.087016
-1.304843 -1.436557
-1.028582 -1.313543
-0.875082 -0.892933
0.339354 -0.076557
-0.755676 -0.843962
-0.968853 -1.397237
-0.962554 -1.371270
-1.193426 -1.378260
-0.404914 -0.248601
-0.841422 -0.742255
-0.647700 -0.909582
-0.635179 -0.929431
-0.041202 -0.141921
-0.989696 -1.262600
-0.058852 -0.125360
-1.221177 -1.342348
-0.902785 -1.349030
-1.045933 -1.329136
-0.974461 -1.466421
-0.781922 -0.579339
-0.877327 -1.356469
-0.992309 -1.294952
0.073312 -0.121443
-0.805042 -0.963366
-0.883802 -1.295382
0.318160 -0.086154
-1.091728 -1.306134
-0.521482 -0.881166
0.002449 -0.233296
-0.662154 -0.831520
-1.162804 -1.224361
-0.913618 -1.233414
-1.153045 -1.174242
-0.054045 -0.098696
-0.227569 -0.110384
-0.940538 -1.324171
-0.332511 -0.305435
-0.234015 -0.287065
0.046374 -0.078268
-1.023033 -1.365460
-1.037017 -1.325187
-0.143343 -0.209990
-1.018115 -1.292464
-0.452637 -0.774044
-1.220071 -1.401807
-1.026139 -1.360365
-0.717737 -0.880452
-0.790141 -0.859884
-1.080202 -1.362382
-0.966842 -1.304573
-1.234762 -1.238491
-1.049197 -1.408132
0.057028 -0.151146
-1.161256 -1.299672
-0.973366 -1.223763
-0.794195 -1.011447
-0.382579 -0.182850
-0.091857 -0.167309
-1.323170 -1.514810
-0.052973 -0.003269
-1.010376 -1.321861
0.233073 -0.002751
-1.145152 -1.389647
-0.502330 -0.512526
-0.000016 -0.131108
-1.037637 -1.355306
0.178164 -0.133190
-0.766311 -0.818303
-0.682144 -0.841780
-1.003609 -1.231027
-0.331438 -0.551083
-1.255291 -1.285474
0.276826 0.019113
0.069745 -0.047234
-0.903121 -1.354150
-1.124998 -1.333581
-1.126319 -1.377242
-0.949029 -1.339009
-1.199907 -1.401296
-1.040228 -1.349494
0.123237 -0.001530
-1.175372 -1.186338
-0.994273 -1.346400
-0.693582 -0.571877
-0.983519 -1.331481
0.109404 -0.057214
0.449038 0.297116
-1.332342 -1.290132
0.167978 -0.114952
-0.982832 -1.419442
-0.922875 -1.259865
-0.423183 -0.195388
-0.384415 -0.241278
0.193809 -0.017221
-0.852550 -1.400177
0.118806 -0.114605
-0.972824 -1.322133
-0.967834 -1.189453
-0.802758 -0.839984
-0.879268 -1.321105
-0.872384 -1.276983
-1.416959 -1.364602
-0.974840 -1.333973
-0.588417 -0.867907
-1.337320 -1.404681
-0.987662 -1.366499
-0.990232 -1.048969
-0.343836 -0.046776
0.121750 -0.189072
-0.906668 -0.870616
-0.584382 -0.561358
-0.888844 -1.319825
-0.362743 -0.179922
-1.230545 -1.453438
-0.857394 -1.223817
-1.329301 -1.391950
-0.771670 -0.810818
0.624996 0.269803
-0.957430 -0.889597
-1.175159 -1.371113
-0.082735 -0.198831
0.090348 -0.097794
0.223260 -0.091717
-1.006998 -1.226946
0.171216 0.319793
-1.331342 -1.509671
-0.989385 -1.311513
-0.858662 -0.922713
0.335854 0.289059
0.026248 -0.212121
-0.023618 -0.098053
-1.119882 -1.332945
-1.096546 -1.402332
-0.220522 -0.216719
-1.056149 -1.158170
-1.081176 -1.342031
-1.095083 -1.303017
-1.143696 -1.308230
-0.128646 -0.189182
-0.491506 -0.902265
-0.907818 -1.324984
-1.159969 -1.384091
-0.003128 -0.040777
-0.877441 -0.861542
-0.656867 -0.791004
-0.080280 -0.161306
-1.042570 -1.229129
-0.294625 -0.290827
-1.184521 -1.277187
-0.389416 -0.128911
-0.647563 -0.883644
-0.022759 -0.161978
0.137047 -0.127826
-0.953198 -1.339906
-1.024744 -1.391726
-1.076823 -1.337444
-1.257611 -1.339198
0.259320 -0.084355
-1.034734 -0.972145
-1.016684 -1.362276
0.275428 0.067678
-0.164089 -0.231107
-0.109409 -0.262998
-0.890501 -0.921787
-0.870080 -1.298281
-1.038106 -1.300834
-1.036099 -1.342897
-0.130815 -0.218581
-1.301010 -1.438846
-1.232595 -1.303913
-0.936803 -1.470807
-0.067963 -0.149482
-0.957802 -1.312605
-0.123052 -0.184265
-0.994507 -1.305513
-1.083905 -1.350053
-1.075300 -1.364684
-1.117914 -1.339888
-1.107563 -1.391221
-1.055495 -0.868681
-1.056278 -1.376666
-1.151790 -1.452829
-0.916550 -0.764634
-0.943715 -1.200948
-1.104568 -1.203406
-0.703142 -0.824143
-0.966473 -0.781553
-0.888529 -1.242258
0.309956 -0.059376
-0.428505 -0.225150
-0.939133 -1.280192
-1.161682 -1.323659
0.292798 0.028923
-0.363838 -0.177157
-0.922908 -1.364527
-1.028133 -1.320789
0.073320 -0.078582
-0.445042 -0.317574
-1.404735 -1.504338
0.077842 -0.151055
-0.917337 -1.371840
-1.132203 -1.344584
-1.247500 -1.298097
-0.599997 -0.434126
-1.234139 -1.343293
0.128639 -0.095953
-1.120603 -1.360225
-0.840338 -1.273302
-0.573738 -0.828164
-0.739521 -0.806870
-1.141662 -1.402565
-0.021900 -0.101354
-1.047731 -1.315676
-1.030216 -1.224577
0.157377 0.052608
-1.210777 -1.273411
-0.800755 -1.001198
-0.971878 -1.403397
-0.789758 -0.873991
-0.086957 -0.115775
-1.066718 -1.497778
-1.151277 -1.389671
-0.045727 -0.138576
-0.792208 -1.287534
-0.092584 -0.268721
-0.181328 -0.039245
-0.810917 -0.858336
-1.120162 -1.318198
-0.042112 -0.114384
-0.879011 -1.345479
-0.058200 -0.092605
-1.122617 -1.286473
-1.259067 -1.423452
0.119864 -0.085024
-1.039900 -1.360471
-1.080012 -1.281667
-0.640338 -0.775649
-1.206320 -1.227804
-1.300258 -1.384157
-0.960197 -0.935237
-0.986035 -1.281020
-0.089282 -0.170910
-0.115773 -0.080614
-0.910998 -0.895948
0.330370 0.261451
-0.114538 -0.183741
-0.537404 -0.628321
-1.141484 -1.299004
0.256130 0.007562
-0.990125 -1.280286
-1.013929 -1.347861
0.124865 -0.134868
-1.170647 -1.423285
-0.648163 -0.839773
-1.065263 -1.399758
-1.034072 -1.431424
-0.028354 -0.167384
-0.001714 -0.060560
-1.413561 -1.258436
-0.920725 -1.296900
-1.301011 -1.374222
-1.085232 -1.079985
-0.977638 -1.369508
-0.617385 -0.820392
-1.105048 -1.285477
-0.925736 -0.781283
0.116182 -0.135916
-0.919483 -0.916929
-1.022384 -0.948344
0.001543 -0.150297
-0.981231 -1.312119
-1.241622 -1.361497
-0.963315 -1.277440
0.082897 -0.115734
-0.271885 -0.187887
-0.826353 -0.849950
0.256484 0.052088
-1.208680 -1.420204
-0.866366 -1.381504
-0.994717 -1.176137
-0.122691 -0.133124
-0.815842 -0.825844
-0.955018 -1.383905
-0.367354 -0.479069
-1.095889 -1.282181
-1.414998 -1.307051
-1.305035 -1.357380
0.049849 -0.165114
-1.008806 -1.238683
-1.709264 -2.003054
0.038052 0.218593
-0.280162 -0.176513
-0.198127 -0.261636
0.111593 -0.098579
-0.031301 0.005384
-0.820392 -0.728123
-0.957112 -1.367004
0.003608 -0.107835
-1.034672 -1.323959
-1.264232 -1.304897
0.091935 -0.104396
-0.200627 -0.146161
0.226683 -0.132667
-0.276625 -0.162228
-1.120657 -1.197638
-0.565329 -0.760316
0.051038 -0.087968
-1.019598 -1.181048
-1.091957 -1.283552
0.295215 -0.064249
-0.855326 -1.295971
-1.108486 -1.281283
-1.030542 -1.320736
-0.955931 -1.243554
0.102923 -0.114978
0.141383 -0.079953
-0.853464 -1.394932
-0.015368 -0.126970
0.106369 -0.102817
-1.276876 -1.524251
0.631044 0.422586
-0.710514 -0.835351
-0.569996 -0.838451
-0.887596 -1.288127
-1.230892 -1.401972
-0.986607 -1.356330
-1.023789 -1.366850
0.160431 -0.086919
-0.868262 -0.766224
0.156943 -0.058710
-1.305295 -1.414677
-1.039001 -1.175203
-0.070043 -0.218461
-1.089858 -1.315135
-1.197954 -1.333613
0.164004 0.225914
-1.009253 -1.351076
-1.133845 -1.345953
-1.155290 -1.365859
-0.962527 -1.317739
-1.356028 -1.572291
0.101001 -0.087216
-0.002160 -0.106753
-1.032090 -1.203072
0.090520 -0.055613
-0.088372 -0.232098
-1.064450 -1.363678
-0.993000 -1.336341
-1.120147 -1.265036
-0.980318 -1.362735
-1.215300 -1.344415
-1.260675 -1.280988
-0.243753 -0.152980
-1.066138 -1.355610
-0.075739 -0.141957
-0.820864 -0.889922
-1.184389 -1.405783
-1.100325 -1.337027
-1.089625 -1.302883
-0.153596 -0.142552
-1.118081 -1.235073
-0.426304 -0.657188
0.048263 -0.060721
-1.104438 -1.343166
-0.985107 -1.345217
-0.042174 -0.142542
-0.686403 -0.839636
0.017307 -0.090939
-0.910650 -1.355662
-0.944046 -1.318315
-1.007412 -1.215070
0.094897 -0.124418
-0.831948 -0.871445
-0.022878 -0.252061
-0.636686 -0.807086
-1.036661 -1.284805
-1.082939 -1.350327
-0.925501 -1.302422
-0.894021 -1.338824
-0.855739 -1.289816
-0.983999 -0.862987
-1.168696 -1.335603
-1.095631 -1.290095
0.053314 -0.169993
-0.811870 -0.711054
-1.129975 -1.407381
-0.095365 -0.249129
-0.728993 -0.811592
-0.913392 -0.924129
-1.302646 -1.417200
0.100272 -0.026072
-0.998884 -1.294081
-0.737640 -0.855978
0.330269 0.345346
-0.920160 -0.914031
0.107825 -0.126798
-0.929508 -1.348870
-0.047247 0.337674
-0.144559 -0.236889
0.028273 -0.170319
-0.515676 -0.828600
-0.246667 -0.111679
0.037793 0.351708
0.089240 -0.076273
