0.617649 2.843053 7.255567 2.804609 -0.117500
0.628285 1.433337 5.239157 1.889097 -0.046538
0.417720 9.161120 8.607225 2.323947 -0.017991
0.432554 2.643268 6.644132 2.506880 -0.033587
0.494235 0.486709 5.416345 5.208459 -0.245195
0.715487 0.191953 3.131391 3.687291 -0.255878
0.692496 6.322914 8.472923 4.094596 -0.223319
0.704616 3.938516 8.695734 1.710839 -0.084758
0.551497 0.160747 2.201833 1.434653 0.033988
0.506324 2.550624 7.948806 4.421499 -0.209505
0.455292 0.453599 4.684908 3.683445 -0.130315
0.500399 4.363303 9.456150 3.951733 -0.173695
0.549017 3.851149 7.404871 2.043804 -0.042193
0.393809 3.102376 7.339759 2.840763 -0.067090
0.724821 8.370123 8.987172 2.792604 -0.156701
0.519703 0.656375 4.024128 1.932871 -0.009957
0.463981 0.962125 7.857108 5.047129 -0.196814
0.416416 4.101125 7.614408 1.904388 0.020740
0.613556 8.457349 8.850884 5.978241 -0.354905
0.671953 3.354391 6.046600 3.455501 -0.204801
0.617667 1.093176 4.889535 2.353019 -0.079775
0.694747 7.872010 7.413092 3.041374 -0.173811
0.661632 9.085280 9.344238 3.742900 -0.193708
0.626486 3.036988 6.542675 2.092860 -0.076543
0.642436 2.932812 6.953585 2.275949 -0.135340
0.673741 5.955129 7.431443 1.761127 -0.057443
0.482687 4.869633 9.062023 3.215267 -0.140634
0.563791 7.877082 8.284862 2.770767 -0.112707
0.372232 8.660690 8.101833 2.697907 -0.045501
0.495813 1.301554 5.774403 3.868010 -0.202206
0.580072 1.816357 8.675516 2.503967 -0.047555
0.433482 2.728098 8.517395 5.619462 -0.269954
0.530862 4.073536 8.353407 3.150434 -0.180470
0.617199 7.656372 7.962071 3.049242 -0.194175
0.406052 2.575261 9.307979 3.448296 -0.094928
0.503765 2.348522 6.763976 3.662946 -0.130282
0.629007 5.921438 8.521414 3.173333 -0.199054
0.736883 4.648143 6.492173 1.518849 -0.019358
0.548164 0.187128 2.305796 1.632700 -0.005046
0.616634 6.252224 8.712175 3.375674 -0.207486
0.318890 5.529510 7.597578 3.530038 -0.096041
0.587103 0.183640 2.757324 2.235467 -0.096807
0.455502 0.450833 5.437330 4.844069 -0.229599
0.726864 1.200995 6.674193 4.538799 -0.299249
0.501809 6.350769 7.042827 1.399451 0.044480
0.551948 0.786698 5.658783 3.903516 -0.185898
0.524654 0.273139 8.497737 3.440284 -0.150978
0.656402 2.474204 9.293644 4.430607 -0.276637
0.611346 0.212792 4.139302 4.898495 -0.264980
0.568116 9.603040 9.143197 4.750697 -0.254926
0.436278 0.046874 0.998321 1.172254 0.053334
0.386675 8.660568 9.653342 4.325685 -0.168196
0.546634 0.343447 2.285343 0.862383 0.118320
0.676186 5.156213 8.287716 2.797045 -0.143317
0.272890 4.525893 6.715587 1.276242 0.158141
0.679426 0.050611 2.603827 1.764418 -0.070030
0.613860 0.045697 1.666206 2.188134 -0.106162
0.584380 9.864762 9.161749 3.793329 -0.160484
0.521726 9.186747 8.589224 3.111009 -0.173407
0.719481 9.631992 7.543116 2.920978 -0.185099
0.590146 0.790035 4.905813 2.011730 -0.046748
0.563304 2.049137 6.284802 3.619168 -0.198634
0.498393 2.174428 9.546679 3.394873 -0.159898
0.687902 8.113525 7.591667 2.583040 -0.112120
0.651225 5.311393 7.761152 1.644663 -0.045668
0.531659 6.020333 8.005893 2.798161 -0.106630
0.459464 9.172811 8.134574 2.505906 -0.055208
0.420943 1.849424 7.145937 3.639113 -0.161400
0.514421 5.477329 7.672505 3.089179 -0.108419
0.573681 0.093594 2.027333 2.018623 -0.112550
0.325523 1.041302 8.646924 2.448318 -0.014994
0.725217 4.662025 7.554797 1.747499 -0.030166
0.781862 0.990996 5.920319 3.903989 -0.234073
0.426839 1.142058 4.944184 3.155227 -0.095420
0.620081 8.436878 6.789966 1.046502 0.080573
0.408930 2.258990 6.221774 2.339839 -0.017154
0.650422 0.133175 2.072072 1.317642 -0.010420
0.577105 3.158028 7.211825 3.014839 -0.160958
0.395760 0.241977 3.493862 4.548526 -0.160039
0.694283 5.211129 8.524267 2.828324 -0.204285
0.627372 0.544423 3.717870 1.937021 -0.068557
0.550335 0.102130 2.164999 2.958602 -0.107488
0.586976 0.615900 4.624865 2.439289 -0.114218
0.378180 0.312877 3.407394 4.178535 -0.215663
0.533092 0.344101 3.368725 2.209803 -0.035359
0.441772 0.753967 4.568201 1.762858 0.026007
0.469121 0.492024 6.581116 2.291760 -0.053650
0.422055 4.363221 7.211377 2.413585 -0.070567
0.487257 4.472433 8.565797 3.169874 -0.119278
0.482991 0.104476 1.777712 1.085836 0.081257
0.537150 2.423257 8.083832 4.007117 -0.159066
0.322809 5.643955 8.389099 6.946443 -0.253906
0.511287 4.618771 8.311026 5.937367 -0.318295
0.545250 1.251465 8.899177 2.215302 -0.044571
0.638755 0.733543 4.872255 4.480212 -0.255034
0.416259 2.050903 8.008826 5.227280 -0.208213
0.541902 0.105031 2.102838 1.332871 0.045050
0.730160 0.403755 3.858644 2.071393 -0.092675
0.696277 0.853703 7.065202 4.449274 -0.248347
0.288296 2.999485 6.582016 2.363750 0.055208
0.501421 0.134357 4.270936 5.701377 -0.322075
0.683313 2.558803 6.309841 3.431147 -0.204787
0.432616 0.659477 4.469720 2.886563 -0.140550
0.491279 3.463438 7.060799 3.096631 -0.102191
0.620379 8.918933 8.842002 2.488204 -0.109318
0.475182 0.826563 6.825665 3.087666 -0.125063
0.703062 0.255820 3.224074 2.620061 -0.133513
0.583815 9.611284 9.204648 4.355778 -0.199211
0.674655 4.704284 7.292248 2.953459 -0.183957
0.368667 6.472186 9.943136 3.802704 -0.150564
0.505981 8.760836 8.786679 4.067338 -0.177983
0.525113 0.110545 2.816567 5.257903 -0.273938
0.605944 2.245130 6.519390 2.485767 -0.107424
0.695266 4.303634 7.435816 2.016816 -0.103990
0.550736 1.949953 8.412781 4.961400 -0.254154
0.649046 1.806559 5.289827 2.065212 -0.037037
0.355818 3.222790 7.826012 5.837810 -0.227480
0.376715 8.652932 7.923651 4.821343 -0.253518
0.601184 0.204046 3.070487 2.621301 -0.119659
0.671315 3.275133 7.146259 2.139352 -0.127207
0.538828 3.259584 7.942038 3.505636 -0.128824
0.771663 9.027825 9.820586 2.643906 -0.172175
0.338148 8.603119 7.769047 1.522227 0.087058
0.499371 0.641252 4.264789 1.979644 -0.023283
0.645634 1.736400 4.877016 1.533200 -0.001250
0.375383 0.831221 5.042806 4.128003 -0.171490
0.419743 5.960355 8.311795 2.795207 -0.058873
0.485093 0.313421 5.078268 3.730856 -0.156388
0.366580 0.481926 5.362035 3.850337 -0.124382
0.687902 8.113525 7.591667 2.583040 -0.112120
0.556340 0.161708 2.740625 3.318599 -0.141170
0.514530 2.738049 5.480249 2.087695 -0.110386
0.325911 8.525646 7.710404 2.145518 0.035784
0.612647 6.366217 7.828408 3.545088 -0.206638
0.470492 0.012681 6.103497 2.190314 -0.025392
0.577064 0.186891 5.543218 5.459012 -0.287798
0.564975 0.087040 2.402439 2.012442 -0.087007
0.484635 4.220279 7.530456 3.303474 -0.123617
0.860612 5.075989 7.632043 2.196525 -0.174106
0.589474 1.569463 6.772022 3.413426 -0.197032
0.365762 9.915669 9.299478 5.641949 -0.249518
0.589313 1.818192 6.694771 1.711602 -0.020351
0.477425 3.970866 9.830731 3.486406 -0.143037
0.373191 7.136506 9.001808 4.348584 -0.155708
0.408717 3.225368 5.971274 2.515693 -0.082480
0.516874 6.690073 7.876593 2.609500 -0.072938
0.755992 9.111768 8.033291 2.803480 -0.165872
0.499134 7.904711 9.167685 5.123149 -0.265417
0.667146 4.171486 6.064052 1.749933 -0.070392
0.624123 0.022327 0.843320 2.175812 -0.100321
0.722384 0.527614 4.437478 5.187860 -0.387418
0.628386 3.820217 6.801518 2.931715 -0.129280
0.532230 0.033798 1.213858 1.389457 0.035787
0.592959 4.092886 6.501976 2.349348 -0.139385
0.625472 0.187875 3.049989 2.552057 -0.145701
0.595425 2.340457 5.223799 0.922301 0.085654
0.568333 0.172711 3.207742 2.535015 -0.085203
0.642132 7.402924 9.957461 5.088929 -0.350719
0.651211 1.688022 6.355401 3.095842 -0.150939
0.936829 1.043545 3.525397 0.786568 0.065820
0.544129 6.279540 8.456486 3.595392 -0.173741
0.449276 2.855844 6.785723 3.184022 -0.106217
0.629794 1.106810 6.604510 3.860187 -0.229721
0.540227 4.146521 7.261350 1.993497 -0.042430
0.651898 3.340566 7.340890 4.470017 -0.270418
0.582855 1.477776 5.782446 2.402482 -0.097170
0.612431 0.026925 1.359939 2.092185 -0.079603
0.534268 3.028740 8.185007 4.298314 -0.191147
0.588252 2.027973 6.633260 3.666850 -0.212488
0.640401 6.609039 7.417602 4.142433 -0.249111
0.475614 1.849493 6.545532 2.157688 -0.032758
0.778407 3.384453 6.962566 2.672996 -0.183870
0.631948 9.213439 8.802440 5.017308 -0.334526
0.417570 1.733803 6.921728 4.527890 -0.218505
0.685832 4.826613 7.121874 2.482344 -0.137063
0.791757 0.185622 2.200019 1.501573 0.000763
0.477964 0.453591 5.756667 3.608056 -0.136584
0.543719 8.334506 7.130991 1.509660 0.019684
0.372810 0.126197 9.811843 4.571643 -0.148550
0.487361 7.467119 8.333170 5.743245 -0.288219
0.763902 1.389090 4.782310 1.206452 0.014367
0.683097 9.691347 8.441097 4.171153 -0.284735
0.487631 4.713840 7.377227 2.844362 -0.079728
0.594202 1.509038 8.399213 4.339439 -0.243876
0.338618 3.052180 6.986093 3.154682 -0.037636
0.612404 0.311171 5.393192 2.489946 -0.069765
0.604329 2.468733 7.166878 2.205303 -0.072244
0.662997 3.526328 6.830181 1.382921 0.003634
0.573401 7.644130 9.512550 3.169966 -0.140354
0.544831 0.665851 6.304004 4.942690 -0.327560
0.582507 7.561143 6.965973 1.994605 -0.036122
0.479713 1.410490 6.070548 2.372453 -0.036892
0.583793 8.164204 7.972622 4.212281 -0.233447
0.461049 0.060429 3.255059 3.901578 -0.196702
0.505860 3.819222 8.175208 3.179051 -0.158326
0.642751 1.934108 8.150099 2.639557 -0.152750
0.525730 7.745905 8.954533 3.761803 -0.223780
0.662177 4.890645 9.054189 2.425050 -0.151077
0.558298 5.423647 8.974596 4.315513 -0.189184
0.505801 5.814591 7.659667 2.553800 -0.066454
0.717363 0.110580 1.625436 1.455139 -0.019771
0.565748 4.186084 6.844354 3.082789 -0.149197
0.552143 4.505318 7.749661 2.583641 -0.139791
0.566089 7.898618 8.752722 4.141455 -0.216002
0.599667 1.583016 6.742034 4.594148 -0.259957
0.637157 0.924788 5.686535 3.289441 -0.171090
0.505328 5.901741 7.255151 2.388017 -0.077332
0.629379 1.912860 8.521908 2.486068 -0.091241
0.430255 8.152264 8.803696 5.071852 -0.199658
0.498552 1.044058 5.767286 2.060227 -0.052626
0.476057 0.852566 5.905352 3.195264 -0.092377
0.365721 2.816509 6.393409 2.588470 -0.075895
0.436320 0.130975 3.746079 6.057285 -0.278023
0.262306 1.641687 8.973364 3.446268 -0.091221
0.703757 1.907264 6.376588 2.962774 -0.162956
0.767620 0.123799 2.265482 1.949928 -0.094363
0.465529 4.201394 8.648722 3.730680 -0.163744
0.369980 7.787471 8.140657 2.625567 -0.052133
0.488354 5.796940 8.688454 3.922093 -0.205421
0.623973 7.672454 7.796593 2.133968 -0.088589
0.616998 0.010882 0.842295 2.257564 -0.100513
0.713148 4.410070 8.532207 2.542419 -0.152522
0.541719 0.230200 2.334076 1.334967 0.030661
0.720930 2.952145 7.648211 4.379746 -0.248050
0.570519 7.976685 9.239302 4.627377 -0.277188
0.461747 0.239311 4.145974 5.006366 -0.242582
0.556980 1.078972 4.636431 2.514776 -0.113682
0.372245 8.349228 8.946538 5.728027 -0.231707
0.590687 0.868972 6.812033 2.620474 -0.119811
0.334570 2.932057 8.330888 4.703582 -0.157023
0.607325 8.296187 9.999427 2.243669 -0.065524
0.498437 9.387479 7.715265 2.893360 -0.082988
0.658344 6.109580 8.787840 5.775713 -0.334055
0.685291 8.764512 9.780186 3.566418 -0.239355
0.567703 3.280727 7.622140 2.410411 -0.099944
0.470647 2.689251 6.811962 4.890741 -0.235519
0.455932 1.472884 6.606245 2.848067 -0.050561
0.485081 2.400943 8.874364 3.547107 -0.116711
0.459115 1.656391 6.307970 2.942258 -0.092083
0.892370 5.673395 9.081424 3.411807 -0.264013
0.568494 7.957462 8.638776 3.407807 -0.197138
0.590509 2.332171 5.942681 1.053747 0.091019
0.574836 0.767434 4.915086 3.709345 -0.205375
0.523830 0.034846 1.525603 1.490279 0.036626
0.554764 8.794047 8.514687 3.144361 -0.132936
0.637156 1.373401 7.704262 2.410684 -0.092935
0.446690 0.558632 8.833346 3.542172 -0.159869
0.589085 0.091091 5.333505 2.596219 -0.137077
0.625732 2.939034 6.135231 2.396193 -0.113019
0.560530 0.949078 6.309355 2.350181 -0.119464
0.594739 7.288312 8.736040 4.056443 -0.236515
0.438095 3.925232 7.573662 4.616844 -0.218474
0.631841 4.223563 7.224852 3.657719 -0.163756
0.707338 0.308094 2.609152 1.055689 -0.016373
0.648890 3.748877 8.384821 2.464207 -0.112391
0.513998 4.455893 7.960379 3.365682 -0.189655
0.542619 0.951789 5.937743 5.299519 -0.292680
0.549848 9.555889 8.807758 4.749534 -0.272582
0.459745 2.664901 7.401643 3.565346 -0.154039
0.471532 3.309135 5.776830 2.083667 -0.000219
0.495963 0.461703 4.740313 3.467022 -0.218367
0.679742 1.199202 5.450689 2.574426 -0.138420
0.611706 9.168048 7.518437 2.468989 -0.123273
0.623373 1.539361 5.211628 1.895814 -0.072207
0.450772 8.752477 8.194328 2.216528 -0.034625
0.581224 6.284075 7.667982 3.189808 -0.144364
0.641583 6.237608 7.882891 1.901529 -0.058147
0.740973 1.572435 7.472158 2.961303 -0.162385
0.594126 2.076837 5.819168 2.159562 -0.092542
0.354927 0.700141 4.595144 2.704456 -0.068496
0.682566 0.086730 3.715547 3.443978 -0.189433
0.521255 0.652024 5.337148 2.868954 -0.128468
0.670663 2.434656 5.933640 1.712922 -0.076608
0.827533 5.499234 6.830841 2.373301 -0.188458
0.597192 9.877489 8.343764 3.526843 -0.186113
0.595696 6.925356 8.044017 1.741845 -0.014508
0.473914 0.837856 4.642001 1.997484 0.002163
0.446575 9.592093 8.218656 3.342078 -0.127170
0.590292 2.865503 7.420363 5.955697 -0.343334
0.671772 5.670943 7.237327 2.957216 -0.162661
0.485477 2.669941 7.994579 2.838136 -0.090449
0.814661 0.970675 6.510386 3.422949 -0.228594
0.477859 0.743238 5.328457 4.778625 -0.235023
0.488095 0.105476 1.848258 1.322988 0.077883
0.532026 1.738625 6.222995 4.655386 -0.224485
0.619158 2.937909 8.189515 2.913706 -0.146669
0.677258 6.107178 7.487346 2.612241 -0.129601
0.586981 0.224775 3.407006 2.184639 -0.103638
0.633256 3.823917 7.770300 1.827918 -0.008745
0.527775 5.496849 9.105708 3.214203 -0.130066
0.585059 5.164806 9.507079 3.022489 -0.128490
0.405919 3.430979 6.994974 3.130490 -0.121771
0.574872 3.216448 8.553401 3.872582 -0.232480
0.529484 0.404279 4.223902 1.688221 -0.016214
0.577087 1.553648 7.016074 3.887627 -0.230091
0.748587 0.116222 1.522334 0.874137 0.109140
0.603759 2.694069 7.699526 2.895021 -0.098542
0.463124 1.118802 6.381240 2.207540 -0.051541
0.631488 8.162905 9.317663 4.405203 -0.212664
0.651804 6.460962 6.512859 1.114270 0.048142
